3000 2000 65684
6 10
33 10
21 42
72 20
35 28
22 2
67 12
63 10
81 26
59 19
104 19
20 9
51 20
48 34
98 26
36 33
95 48
102 37
52 25
86 36
25 10
87 11
63 41
92 43
36 22
22 12
81 31
80 13
72 37
106 41
54 13
23 1
81 16
7 4
32 45
89 48
64 27
18 28
67 31
20 35
3 33
106 45
65 17
77 18
55 4
48 21
66 30
1 28
57 9
21 39
83 21
16 8
27 46
15 16
6 5
52 30
67 49
74 2
85 32
11 21
67 29
111 3
120 13
22 7
102 13
25 24
23 32
82 32
57 18
119 5
2 50
46 11
78 12
64 14
13 34
44 30
12 25
84 22
17 15
60 10
27 26
54 12
107 17
83 36
94 43
82 8
2 27
20 41
118 33
104 33
28 39
82 32
53 47
43 2
21 34
51 38
49 46
81 15
94 45
62 50
107 43
27 30
22 28
42 11
120 25
13 29
35 6
50 28
2 14
21 13
57 43
62 5
39 2
12 2
56 23
63 34
88 11
5 41
118 36
111 49
62 44
8 26
89 37
55 1
21 35
105 47
18 16
54 18
59 25
59 16
9 22
19 18
74 15
68 22
60 11
60 13
46 47
88 6
116 43
88 36
89 22
84 6
117 37
25 7
73 44
32 12
77 22
41 50
56 41
93 37
31 43
99 6
91 37
81 26
81 19
93 9
120 47
27 29
65 41
27 48
6 9
91 4
100 41
96 18
111 28
14 31
92 3
88 13
51 1
20 21
89 3
59 10
41 47
60 35
8 27
2 23
17 44
79 18
95 34
7 17
113 41
90 35
5 37
27 35
97 36
65 7
30 33
9 40
72 10
47 19
18 10
83 24
4 23
14 40
86 30
46 19
32 5
43 16
64 1
90 30
98 4
89 30
29 7
69 20
36 47
50 4
27 34
79 10
37 24
119 12
104 6
72 25
51 36
51 4
46 40
25 26
46 23
15 34
81 25
45 49
62 44
34 30
97 32
109 33
76 39
7 11
14 28
57 6
64 27
49 1
119 46
116 16
50 30
101 1
77 5
119 28
118 2
97 26
15 47
91 42
47 7
12 32
54 39
108 49
47 48
90 37
93 27
64 13
79 4
25 15
68 15
44 7
38 2
23 2
80 45
6 36
81 47
49 36
77 6
107 6
56 36
24 50
24 48
42 22
11 28
8 9
72 33
7 9
54 1
33 33
5 8
10 45
46 39
83 43
86 19
110 1
16 43
41 19
100 14
13 41
12 32
61 35
55 17
64 50
88 8
113 12
5 4
49 22
44 41
36 40
71 15
30 16
38 42
116 49
16 30
111 49
12 41
85 26
118 28
45 27
107 9
48 3
15 48
25 8
98 40
67 50
85 39
5 14
30 3
2 37
112 3
47 45
35 22
52 2
31 49
108 38
109 18
112 23
115 16
61 5
76 29
4 10
87 21
25 49
105 38
17 8
10 26
83 35
67 24
68 49
94 18
98 33
67 30
77 3
105 37
17 50
8 13
91 36
5 37
74 9
5 23
76 16
18 20
50 46
44 40
44 19
29 34
91 45
103 8
27 9
56 6
11 15
40 21
21 4
80 34
24 34
48 29
89 5
9 1
20 44
112 46
52 50
69 15
106 43
54 44
1 21
39 11
36 20
104 36
113 43
21 38
18 29
107 26
5 17
108 37
30 19
72 23
110 12
79 15
54 14
99 4
97 9
57 22
71 50
59 5
102 29
63 19
19 9
96 44
27 24
40 38
54 13
120 16
106 1
10 29
66 40
84 2
101 50
45 31
51 33
105 44
54 27
22 24
87 10
87 13
65 48
40 30
92 12
25 37
94 27
107 29
6 3
73 18
74 7
20 5
92 35
28 5
43 12
88 2
31 47
114 7
36 16
76 8
57 31
76 40
7 13
60 24
5 2
102 18
1 43
74 2
117 22
108 42
23 35
33 5
113 8
11 29
43 48
28 49
58 33
120 36
45 12
60 11
63 3
111 25
25 4
26 24
45 33
45 9
80 9
95 4
86 25
92 39
63 21
99 2
94 31
48 48
22 49
51 6
11 41
11 47
104 8
40 21
33 36
79 14
24 44
47 10
30 1
110 44
1 40
68 24
50 35
104 11
93 34
19 35
74 1
1 19
48 1
69 50
116 18
63 32
73 32
113 34
112 42
58 4
61 25
70 3
111 3
45 45
78 33
49 13
75 11
71 43
73 20
74 49
39 9
72 1
110 24
76 23
37 15
68 49
1 7
71 1
61 16
57 48
50 27
40 37
18 41
119 50
2 24
30 50
72 31
22 23
36 37
17 22
94 25
41 44
93 21
85 44
98 41
51 40
118 3
16 7
73 6
88 6
69 8
97 11
90 8
65 46
86 32
77 49
38 37
33 40
100 39
43 47
1 26
88 50
48 13
116 22
100 14
57 49
73 33
61 14
22 45
39 39
78 28
38 37
104 32
117 23
42 11
32 4
116 11
24 15
94 11
26 45
86 12
113 50
106 3
64 37
50 22
106 29
89 15
106 15
68 44
19 19
116 10
14 42
41 27
26 46
40 44
70 15
5 35
35 3
99 30
109 38
71 14
19 2
100 36
88 27
89 6
27 34
28 21
67 38
69 35
65 38
120 26
105 34
60 21
106 49
100 27
58 2
52 8
65 22
63 22
70 23
18 49
99 45
9 37
104 19
113 20
57 2
45 13
108 7
43 25
7 34
51 46
55 43
4 42
6 48
23 15
81 42
43 31
76 33
87 21
112 40
90 10
63 37
72 30
95 6
15 1
119 5
28 25
39 1
36 14
81 29
111 21
90 45
83 8
60 19
80 33
120 20
82 3
48 15
112 2
2 36
114 10
63 1
36 41
44 2
17 4
2 39
36 3
15 28
112 14
38 42
116 8
113 39
92 20
85 43
53 26
81 26
77 25
66 23
107 29
56 25
112 7
113 7
11 48
16 23
73 34
66 9
83 28
9 4
89 4
8 21
59 28
66 16
94 21
120 21
112 15
75 35
103 10
114 33
67 29
107 21
54 22
79 6
101 30
69 49
53 7
89 13
36 14
110 42
37 19
82 40
35 8
114 7
87 17
10 25
116 48
36 9
40 26
57 20
65 25
81 37
73 39
100 21
75 31
102 43
70 25
2 34
82 5
113 1
94 32
65 21
101 22
9 50
78 47
32 2
62 42
11 6
32 42
98 38
62 41
80 23
5 13
99 49
60 1
119 43
84 25
113 14
27 43
76 46
50 37
117 13
90 39
100 13
100 48
91 2
28 30
36 5
115 34
103 14
104 3
78 19
19 20
3 25
54 48
20 3
56 19
77 17
7 37
9 37
6 29
20 25
21 15
49 5
61 33
68 36
107 27
95 16
86 37
42 11
46 12
106 23
62 32
109 38
110 17
54 5
96 15
12 6
112 10
2 32
75 31
87 33
77 23
58 4
21 40
44 46
33 31
38 34
83 6
41 34
15 47
59 22
23 20
97 44
1 40
57 27
30 46
120 28
68 9
11 29
20 46
26 2
67 46
17 41
73 10
84 27
8 14
68 20
83 26
44 16
117 42
14 36
107 3
3 5
54 45
15 13
51 12
117 19
87 3
9 12
62 34
110 19
98 38
91 32
85 6
119 32
97 43
99 34
17 34
10 10
98 26
15 20
47 41
120 46
15 50
29 9
84 48
9 31
67 19
112 2
104 11
105 23
115 5
28 1
48 47
81 18
44 35
37 12
97 29
87 21
28 15
59 11
5 10
51 1
38 5
94 4
17 40
86 21
25 33
13 32
21 35
89 4
51 38
25 47
26 24
10 43
90 50
36 4
119 48
45 37
112 8
50 20
88 17
2 42
119 15
55 31
99 26
74 20
13 50
48 30
73 37
74 13
117 29
16 45
67 22
23 30
62 24
42 29
70 45
12 40
49 48
62 10
73 5
41 37
97 50
106 29
17 42
83 25
32 11
111 50
22 4
12 13
69 33
103 19
79 14
70 40
44 32
19 36
18 31
65 46
10 42
35 18
93 19
22 5
79 13
86 11
18 37
55 46
21 18
96 50
23 28
99 46
41 39
62 48
31 8
36 50
39 22
50 32
50 11
8 19
75 43
101 42
62 5
58 2
72 5
61 7
62 41
32 42
19 35
32 1
82 37
81 41
8 20
4 47
72 11
57 7
95 47
110 36
64 39
118 27
64 40
93 25
81 35
107 11
81 8
12 13
84 14
35 3
85 28
19 16
40 18
54 44
96 24
42 19
74 19
38 7
80 30
22 42
6 50
3 37
9 16
1 4
81 5
46 17
64 6
72 23
3 8
108 39
33 49
17 46
59 4
115 29
56 36
50 3
7 24
11 45
41 41
98 21
37 3
29 32
78 23
66 33
90 24
51 14
74 29
99 43
105 13
31 20
100 42
92 38
116 15
112 8
105 31
21 4
95 19
105 45
21 41
117 20
96 47
103 39
105 44
61 9
38 3
120 10
35 4
107 12
58 31
49 24
51 49
47 48
118 14
62 8
66 18
120 23
104 14
81 40
47 44
41 17
96 30
86 42
115 24
23 4
34 22
78 17
12 6
94 39
11 5
19 26
92 28
108 37
111 11
18 50
74 28
106 1
90 43
43 46
6 45
120 22
8 27
108 40
64 1
20 5
107 30
22 30
47 32
8 50
62 45
51 47
75 16
47 34
90 39
111 25
26 30
118 5
66 35
36 42
57 28
76 43
77 27
112 16
98 41
25 1
16 15
37 10
102 44
5 41
44 25
37 19
97 15
86 14
11 21
35 38
48 50
102 5
79 6
120 36
76 36
87 31
90 35
52 33
78 38
5 14
35 41
54 21
67 9
44 8
20 39
17 29
68 28
55 16
75 4
74 31
61 42
113 42
26 7
84 6
84 48
89 8
1 2
8 47
41 12
16 42
2 2
110 39
30 5
87 14
90 12
6 3
55 9
44 30
27 18
55 10
87 5
100 7
37 47
26 19
30 11
120 11
73 31
92 44
17 10
69 49
73 5
1 27
65 44
86 31
43 43
72 32
27 11
80 5
30 45
3 19
26 34
82 20
87 33
55 5
94 23
73 16
69 5
52 45
109 49
87 13
13 19
24 40
81 34
94 40
80 19
49 37
74 42
66 20
46 20
15 19
115 29
56 25
24 29
60 34
107 48
26 20
56 42
31 47
17 6
118 6
76 46
73 30
39 50
69 14
10 25
102 16
34 17
50 37
15 11
60 24
119 17
105 24
118 5
62 34
2 10
102 38
97 34
107 48
63 17
91 4
2 43
59 45
101 11
91 8
81 2
93 29
98 27
5 28
83 28
93 44
109 4
33 48
119 1
85 24
58 5
109 9
119 50
85 10
20 37
79 30
68 1
51 7
119 15
4 11
112 47
36 31
42 41
58 41
71 24
86 10
68 44
50 27
113 24
38 2
60 8
104 49
30 44
36 38
80 41
100 3
119 7
35 41
67 12
73 40
105 48
9 15
111 19
111 36
64 30
99 6
7 22
114 46
107 11
55 26
52 34
1 40
32 15
82 39
119 14
100 13
71 28
19 4
38 21
29 42
20 27
97 38
81 2
53 19
95 17
117 16
12 27
67 44
31 39
14 19
54 13
4 17
92 12
50 42
23 10
95 34
68 33
52 40
24 6
79 48
83 5
15 26
71 24
1 21
94 6
10 17
118 25
23 12
26 4
75 20
5 39
74 3
111 27
92 6
92 50
4 6
116 20
12 36
75 4
39 8
10 50
67 29
44 11
80 11
25 46
101 29
74 36
93 4
42 25
70 43
106 15
59 32
66 32
39 31
65 27
60 44
116 16
65 49
87 14
100 43
50 42
11 45
117 4
51 40
40 12
34 7
48 34
110 13
25 9
5 2
105 35
27 11
70 21
11 28
107 22
10 48
53 43
14 41
108 44
62 27
55 16
35 32
59 25
95 16
53 41
29 19
35 15
9 27
18 42
4 26
113 24
23 28
26 16
70 15
92 4
31 16
99 27
8 19
81 44
96 35
64 4
34 11
59 34
67 8
45 42
63 40
67 7
59 34
104 38
88 35
3 40
101 11
47 50
2 19
73 17
4 28
101 7
98 41
70 26
98 17
98 32
16 34
100 26
120 13
73 17
30 8
77 50
48 23
101 1
113 45
18 46
52 38
32 12
20 44
49 29
72 6
20 17
62 1
32 11
73 6
19 12
43 35
103 33
89 15
3 2
119 2
69 33
9 3
56 20
66 34
8 7
2 9
95 35
9 18
107 24
85 25
55 40
92 50
74 22
96 8
5 25
80 24
9 48
46 4
100 23
39 17
111 30
6 5
86 36
74 12
79 50
77 44
29 50
35 14
91 10
42 46
96 31
41 44
80 46
39 49
60 38
46 50
109 43
6 35
48 31
18 37
100 36
12 21
5 28
94 8
39 5
55 25
7 25
110 17
52 19
17 41
98 34
40 28
96 47
24 6
107 12
14 6
7 25
86 34
54 12
91 42
58 45
106 5
119 36
23 40
116 39
32 13
85 21
42 50
107 6
67 43
107 50
50 15
96 28
108 29
59 40
1 8
94 38
52 4
65 36
5 30
105 26
24 1
98 36
120 16
3 9
40 9
10 10
85 36
97 25
6 27
14 38
14 50
96 48
63 2
3 50
92 9
95 27
39 25
44 11
20 6
89 50
26 28
21 43
75 47
47 31
15 30
70 10
31 45
77 34
69 42
25 30
50 11
18 11
55 24
111 27
99 41
6 47
40 36
99 37
14 7
59 10
76 38
39 17
45 26
72 33
67 36
24 18
78 21
68 33
94 50
79 25
112 36
53 12
101 11
18 6
47 18
5 4
75 33
92 39
30 25
111 28
2 34
76 10
47 25
84 50
57 2
76 18
109 48
71 11
30 30
66 26
27 32
62 2
104 5
100 26
60 13
93 43
96 50
12 2
47 45
34 3
8 31
30 36
109 3
76 38
52 13
86 29
74 47
60 10
43 21
55 32
113 39
35 31
51 28
94 17
5 37
71 22
108 42
120 48
64 7
105 26
72 50
74 15
88 33
66 1
35 12
104 38
11 10
108 43
48 1
29 12
80 31
55 9
62 46
26 16
113 42
113 24
72 46
80 41
70 16
33 34
17 27
11 29
18 40
71 27
71 31
100 32
53 25
80 35
72 47
112 26
98 44
111 31
49 41
64 20
88 16
93 36
104 24
115 32
85 37
58 5
20 48
48 32
64 29
58 47
95 19
63 13
24 23
105 4
3 18
53 22
24 26
58 29
1 24
120 15
92 20
112 33
79 9
55 44
38 34
20 14
25 12
68 18
7 23
104 49
92 46
83 27
61 30
106 23
55 17
18 16
26 11
9 6
31 15
109 10
38 41
64 4
74 3
94 40
55 47
81 19
104 13
5 15
54 50
89 48
87 28
13 4
98 13
80 9
67 10
68 27
60 43
22 6
6 5
85 22
63 35
70 47
87 35
83 40
64 1
119 2
29 2
6 16
16 15
6 43
16 44
51 26
68 2
81 33
59 27
5 11
82 46
39 10
20 21
52 16
52 40
97 2
61 24
69 9
58 45
31 14
20 23
21 27
24 23
32 34
9 18
75 12
93 5
2 45
106 23
52 49
102 30
100 5
114 20
103 43
114 15
108 5
77 50
84 12
92 45
46 23
14 42
46 28
96 9
74 23
91 35
101 45
17 22
91 22
112 15
44 7
69 22
102 17
23 45
100 47
51 27
79 6
120 6
33 16
35 7
40 47
103 13
61 9
84 43
120 27
87 46
36 37
59 47
35 41
73 35
67 35
31 7
50 31
13 22
118 29
60 39
35 23
41 18
33 37
102 15
55 19
52 50
87 30
98 12
70 42
8 9
36 10
25 17
52 29
31 41
67 20
70 34
4 32
61 29
90 12
45 35
102 6
114 41
77 34
54 8
5 1
26 3
90 33
101 4
71 11
54 20
93 25
103 28
89 5
108 28
68 2
82 2
119 48
102 45
31 45
93 7
87 18
51 8
40 32
61 13
34 7
104 28
93 38
86 41
112 13
119 11
97 30
84 25
27 7
42 9
91 24
68 49
3 28
97 45
29 19
17 5
15 42
52 8
69 37
48 20
82 16
102 20
118 48
16 24
114 17
65 7
62 2
5 35
9 11
99 40
10 37
76 4
98 27
3 6
16 11
97 17
88 10
18 25
7 33
101 13
90 35
69 43
48 23
87 18
54 7
69 15
35 4
70 24
31 33
41 46
115 9
14 22
71 1
39 29
63 49
61 34
55 9
47 22
82 5
29 17
54 48
61 10
113 50
84 33
74 16
68 30
117 43
22 47
103 2
15 28
62 16
53 36
76 41
89 7
88 49
35 11
78 7
100 1
97 5
93 42
43 13
102 49
105 25
105 48
46 21
117 29
66 39
94 14
20 22
42 27
50 47
119 20
43 10
70 11
25 2
45 37
66 26
105 21
12 31
10 29
71 46
27 39
54 22
22 15
53 23
43 14
11 31
93 26
11 4
48 7
68 42
85 23
109 31
63 20
21 14
40 11
69 6
99 45
49 2
51 21
47 4
67 47
6 21
102 28
65 10
26 34
113 30
16 22
50 1
93 22
14 43
33 23
70 33
69 29
107 29
91 13
84 39
89 20
52 33
89 38
84 35
111 46
96 26
49 28
76 12
79 40
26 33
44 7
98 32
77 4
110 38
116 44
68 26
35 39
18 13
106 3
117 46
49 15
94 19
102 49
110 40
10 37
43 3
94 40
44 30
103 46
89 10
99 49
45 5
27 45
7 15
27 16
92 47
80 35
36 21
106 47
120 25
24 34
40 29
45 13
30 17
100 31
108 48
19 13
82 17
87 21
41 5
76 43
52 17
69 17
87 14
95 48
41 50
112 20
98 6
34 40
55 44
110 4
83 50
66 47
36 24
117 49
9 4
81 32
90 21
18 8
75 14
5 25
94 38
66 41
16 29
62 22
112 1
95 17
50 43
103 18
48 31
26 46
26 8
107 5
118 26
34 12
100 20
58 3
18 33
15 5
94 27
86 37
119 2
23 31
76 15
118 14
87 13
59 32
120 38
98 49
33 1
61 4
41 50
68 30
105 5
74 48
23 11
34 11
74 37
53 10
53 40
33 50
64 33
3 23
120 21
52 35
103 34
20 43
85 48
64 19
34 7
18 36
39 2
68 33
100 41
14 44
50 16
35 34
120 28
48 22
10 31
16 22
66 47
15 1
106 38
91 49
87 39
66 17
32 34
101 33
14 44
26 5
31 21
40 11
90 48
22 49
50 39
90 46
47 36
18 33
46 18
43 24
88 19
120 49
2 41
113 27
86 9
53 47
71 23
19 30
52 42
18 1
60 49
88 18
75 45
10 10
85 33
3 22
33 24
43 6
94 5
32 50
45 14
48 45
48 6
34 9
97 3
72 28
22 9
5 38
16 47
87 20
51 31
23 33
74 15
108 20
92 21
99 36
86 18
11 24
83 6
104 21
71 45
78 12
86 44
51 11
80 47
72 20
89 24
84 34
39 43
73 10
73 23
17 1
60 27
36 12
63 9
72 45
66 31
96 13
95 8
115 16
26 6
48 34
39 41
27 19
74 20
70 48
22 27
48 32
105 23
95 39
94 29
43 41
59 40
53 35
27 27
71 2
104 38
37 12
120 4
83 15
35 14
83 18
102 10
1 47
85 46
117 18
6 20
88 34
41 12
89 8
58 21
111 21
20 48
54 39
83 18
76 29
32 18
36 25
39 49
83 13
116 10
52 21
111 41
64 41
22 24
90 41
46 11
103 5
100 47
76 12
36 1
50 49
60 37
64 48
105 46
93 30
97 44
92 37
27 6
118 40
51 29
111 27
39 43
33 48
1 28
71 7
10 2
87 49
61 30
47 27
48 9
17 36
34 8
103 42
15 2
92 48
50 12
34 21
46 6
98 49
46 31
67 15
32 13
4 22
63 12
9 22
52 7
117 27
116 31
9 33
62 50
60 14
53 5
64 20
22 3
8 47
65 24
114 17
107 29
60 31
30 40
14 11
68 12
29 16
93 7
50 26
16 29
9 20
65 24
30 46
89 9
33 13
103 6
1 21
6 21
113 25
112 6
107 10
7 25
107 11
52 26
117 39
16 25
111 40
61 50
45 29
48 29
53 42
86 24
102 21
114 16
117 7
91 33
28 40
110 44
60 43
41 36
83 26
53 43
15 15
84 2
13 2
120 37
33 18
110 7
48 5
92 35
72 45
19 29
24 30
105 35
32 45
3 5
81 35
59 37
31 43
18 43
26 20
91 40
87 41
56 26
55 20
50 6
66 31
97 1
60 11
35 34
105 7
70 25
83 38
32 43
30 1
27 27
50 18
97 8
78 14
14 4
43 45
10 50
107 46
60 39
58 37
2 12
115 11
107 38
78 50
62 30
42 21
18 24
78 24
91 47
18 16
22 22
23 13
32 41
120 23
39 17
49 50
99 4
110 17
113 10
86 26
31 19
6 48
82 35
34 25
93 11
20 35
94 4
17 7
35 7
80 23
73 38
113 1
43 34
119 37
25 34
73 35
83 8
95 46
33 8
80 25
50 10
119 3
5 8
20 9
24 41
104 38
90 8
11 23
61 9
39 36
85 21
12 49
61 8
74 23
97 16
89 38
117 10
41 41
87 2
32 32
22 35
61 21
102 13
115 34
72 6
111 18
8 45
58 8
92 11
40 21
28 31
78 4
80 50
25 8
41 46
11 44
62 11
37 23
14 13
76 47
48 29
96 46
53 33
3 24
35 35
76 23
35 4
86 6
23 22
15 6
37 5
101 50
87 19
12 42
32 30
48 49
18 3
6 30
47 49
85 32
35 1
24 49
66 31
46 10
83 20
15 21
84 18
81 40
116 44
22 17
43 21
98 32
76 13
113 12
103 20
83 47
110 48
85 27
79 2
6 31
61 3
31 46
120 21
58 5
75 21
14 39
11 43
33 16
85 35
80 18
94 22
84 25
12 11
1 50
34 39
2 35
11 34
102 10
7 19
116 23
109 41
61 32
103 35
69 40
110 28
119 25
62 24
22 23
106 4
42 50
12 5
106 34
58 17
15 44
118 13
8 26
3 31
97 38
25 6
29 36
65 37
73 36
92 14
78 48
107 31
97 11
25 32
4 25
40 39
10 37
21 38
15 5
78 23
112 34
20 22
100 15
38 32
90 20
17 10
79 13
30 15
105 27
8 19
113 49
7 22
68 9
11 2
33 30
56 7
54 6
28 35
32 38
76 23
59 12
32 27
86 24
63 1
92 42
51 6
100 27
77 27
67 40
120 49
39 6
107 34
3 35
108 34
64 35
18 34
18 42
2 24
87 4
46 18
5 46
13 36
24 1
23 10
32 42
60 11
69 17
34 11
53 14
96 26
68 4
101 46
35 22
69 11
45 46
50 21
81 4
16 14
6 20
73 48
44 34
108 12
50 3
55 2
26 20
89 16
23 39
51 19
50 31
41 34
96 12
6 18
15 14
31 21
43 5
50 48
98 27
70 40
41 36
1 49
25 20
24 30
38 24
80 20
56 31
45 31
82 11
78 9
64 30
101 8
66 50
56 25
58 17
54 8
112 5
28 6
16 21
47 35
116 37
4 3
119 9
73 10
91 32
40 46
113 50
3 50
49 10
85 26
46 40
76 27
56 43
45 21
26 23
108 13
89 11
56 29
31 50
31 43
14 10
18 48
90 43
48 10
62 24
108 28
13 23
16 11
37 42
11 34
7 40
59 25
93 16
46 25
97 46
108 50
25 5
100 16
17 49
116 1
14 13
50 36
37 35
78 5
109 29
111 45
70 39
81 22
34 26
37 20
73 14
112 28
20 21
75 19
101 20
91 44
44 50
11 22
76 29
17 14
49 17
50 28
47 33
40 10
120 48
81 33
83 2
42 32
34 6
2 44
66 22
119 11
111 20
53 7
98 11
2 6
59 34
23 35
46 34
64 25
1 26
117 43
88 20
57 3
26 30
119 3
22 37
63 24
6 47
62 5
39 4
120 37
99 45
81 4
60 16
60 13
32 39
7 21
78 35
103 33
105 23
65 16
90 50
9 17
106 23
62 7
6 33
113 14
59 16
119 9
81 50
51 24
98 29
94 46
104 19
30 28
33 15
85 2
86 35
89 13
27 42
79 34
74 12
119 5
17 17
3 9
47 35
73 6
85 28
63 28
98 33
27 41
59 1
12 14
76 12
86 42
105 47
118 31
108 26
55 36
105 49
84 13
85 28
38 49
66 21
117 5
73 33
45 3
14 39
26 21
12 43
54 7
19 41
39 48
39 23
113 13
13 27
45 7
96 44
25 11
54 31
76 18
36 12
120 1
40 37
113 4
112 36
40 22
89 50
120 47
42 2
21 44
60 37
22 36
10 6
68 46
59 15
53 4
7 35
6 28
53 28
81 6
35 42
38 43
61 47
1 14
20 1
19 30
69 10
107 19
86 16
14 6
61 28
101 9
94 16
88 39
95 21
54 9
24 21
4 5
7 46
50 19
9 29
98 37
100 16
35 7
1 20
72 13
90 22
103 15
29 13
73 35
103 49
116 46
89 49
82 38
106 22
106 44
72 5
63 43
30 39
100 2
9 13
67 10
87 39
24 25
111 29
102 35
87 7
91 47
87 32
14 2
55 41
58 8
57 30
41 18
88 50
100 28
62 38
57 50
78 13
15 31
33 38
25 19
84 47
45 50
31 1
1 35
33 50
83 40
49 43
47 47
14 28
96 7
55 15
87 43
97 33
73 19
80 39
119 13
76 5
84 16
85 16
62 50
6 46
79 44
10 47
62 33
15 20
82 41
54 48
73 12
12 7
30 1
98 20
5 33
54 28
30 31
35 1
120 10
107 18
86 36
66 49
11 40
48 12
21 3
11 15
114 42
94 43
104 21
34 10
115 38
59 4
98 33
114 47
13 2
46 50
80 31
108 10
63 18
53 5
120 33
31 34
76 46
8 19
66 42
38 20
1 16
75 48
60 29
66 42
32 11
33 21
93 41
80 17
40 2
93 29
66 44
24 11
119 44
71 7
65 10
116 15
67 1
34 27
11 9
70 12
81 13
25 15
115 16
72 14
100 6
64 5
39 10
58 40
103 50
86 37
100 23
103 38
15 16
44 5
106 36
59 46
88 5
102 2
50 45
107 39
81 12
66 49
1 13
20 23
2 35
21 23
58 13
11 34
10 26
81 5
31 11
52 8
85 16
71 34
70 29
35 10
91 20
21 11
94 2
74 47
17 46
52 46
89 32
9 40
99 19
77 20
99 50
119 43
25 42
69 27
102 3
116 12
74 48
35 7
40 10
5 38
65 26
113 15
109 13
115 18
74 1
89 12
70 19
107 15
12 37
61 34
21 28
57 14
48 23
12 29
62 26
118 39
64 2
23 12
94 9
11 47
79 21
91 11
50 17
107 3
115 19
46 45
86 35
108 25
57 31
75 39
118 22
1278 2262 1099 279
698 1924 826 264
913 732 558 292
2237 2492 232 281
2056 2781 1570 258
675 1729 635 347
2557 823 879 195
2918 1964 180 268
2524 2473 1917 136
24 201 1779 188
780 1697 2248 402
271 2655 1722 159
1625 2909 194 209
2582 61 2719 283
650 1155 2924 314
1284 997 2987 278
197 1071 630 305
1789 1969 415 345
541 213 1313 279
1795 1804 1114 250
733 1151 1498 259
1372 1335 1671 205
594 1444 1556 331
1551 2943 1010 190
1139 2204 281 190
783 2795 950 174
1091 1548 1490 150
2115 2125 1843 275
1487 418 2018 202
1809 457 1784 237
1402 2766 1751 162
1180 1258 2338 248
1860 2999 1982 317
1929 1013 321 235
298 1371 572 223
2621 16 460 258
1923 1311 1980 188
1215 1752 514 194
2038 2911 2123 125
766 847 1479 104
2628 2009 107 126
315 1303 163 294
2525 754 2417 210
1546 924 1010 157
1670 34 1201 108
1308 2024 2488 223
211 539 2090 259
157 2065 519 259
716 882 1774 383
2542 1590 428 262
2214 30 2734 162
2941 1172 695 229
1644 1958 288 215
528 2762 2447 163
1149 529 47 234
1372 11 956 103
2376 2392 828 215
2565 1740 1237 202
2155 1445 1744 316
742 1444 1916 160
1609 2388 2014 127
1571 704 2274 220
219 1435 490 232
1852 1342 1895 189
2696 2448 644 145
568 2284 1698 207
1442 1053 1483 275
2354 1286 1515 304
590 351 1040 145
118 573 2260 326
500 1805 82 310
413 2833 392 235
2468 518 963 191
882 115 2058 290
1658 2518 983 194
672 2078 1406 209
867 2844 2949 287
711 1031 2802 176
1337 581 2064 179
791 17 563 305
1997 624 1207 369
618 161 1918 308
2061 1116 1436 66
547 2353 2619 221
1191 2031 128 279
2985 2556 2776 242
869 2397 2598 206
486 845 375 182
121 365 252 56
1801 1328 384 93
457 2770 1022 231
2106 1946 344 195
1843 2445 466 269
595 250 2245 227
2866 1264 1759 249
263 2438 328 201
2528 1377 287 103
1072 824 1258 284
967 1219 700 137
625 828 272 287
103 1203 2978 210
1937 2206 968 220
1732 1753 2183 177
2015 1594 2678 298
525 636 87 183
2483 2419 2635 193
787 1943 471 261
533 2427 2290 244
2128 400 2862 279
36 327 535 178
1560 1035 1401 146
1023 2255 215 183
2281 778 2161 140
1136 2027 307 62
651 2236 237 245
1012 544 816 295
1330 1373 1434 106
882 1923 1549 288
2993 2314 2340 233
2254 2998 2834 271
374 2705 2857 326
950 1336 2246 37
1650 235 2838 266
709 933 571 158
2941 236 2764 162
1408 1029 838 210
649 705 1609 256
1502 2069 1834 154
926 314 1267 73
151 1081 2230 339
1040 1878 383 232
1038 2069 1955 74
2183 2491 1621 224
1702 1076 2498 294
2760 2146 1655 158
1112 2202 1256 231
2249 2979 2374 199
1924 2147 2042 161
289 1521 129 121
2299 2428 2464 229
1298 2598 712 306
728 93 1631 261
16 1030 2936 283
2713 297 104 335
340 1262 2425 58
614 2006 1517 239
77 2439 511 279
2760 1495 2695 185
2032 2865 2458 268
2523 1400 409 232
2185 122 1882 306
1983 924 1206 258
1158 810 551 343
1915 533 691 185
2087 1453 1646 357
703 777 1549 206
735 2329 980 106
2953 986 1271 179
768 2606 1721 165
553 357 1653 317
1520 1751 2503 167
2883 1479 442 172
2180 2884 491 345
496 2098 2895 246
2309 1511 720 182
1891 932 1569 235
2795 1999 1888 211
2170 718 1461 300
2222 858 223 209
957 1150 1709 198
1760 1857 268 211
2614 2118 888 215
1822 2236 2571 152
1749 1545 2685 249
702 1159 2295 209
1229 528 313 203
639 373 667 139
2429 2731 78 286
350 1492 2746 170
239 2146 2773 196
2481 2888 1820 184
2150 2349 1943 188
1036 1892 32 236
888 550 2504 188
2376 1329 1156 298
1477 2066 1638 179
2361 2155 97 330
59 1935 163 261
308 1344 634 114
1520 2221 1663 297
1438 2468 1254 161
42 2878 1948 262
1014 304 958 233
2839 2986 254 239
461 1776 1281 278
1470 773 670 157
1912 454 953 149
653 899 399 212
1463 1238 1592 177
1510 1650 1444 295
468 2293 358 211
2484 2826 1660 182
227 2435 805 260
2071 2304 1766 123
2062 1661 97 213
2765 1398 1209 195
1813 2920 893 92
1432 411 1579 171
2827 1021 2807 249
1988 1333 2213 264
2043 220 1411 157
1018 901 1083 229
2162 195 2857 250
1061 329 1618 200
1041 1181 1303 257
2045 1716 1539 324
495 59 2826 154
640 1545 1398 159
1886 866 1085 125
1969 100 2348 371
1959 1961 1289 316
2551 639 902 202
1377 789 741 56
2183 1122 2034 143
1995 1554 1612 100
48 2531 1107 140
2938 817 1349 46
1554 2087 582 235
477 1752 335 108
278 2172 2495 257
1459 2207 2853 163
757 645 1448 300
599 805 2335 292
73 322 160 189
2255 2118 707 200
2735 560 1628 167
2326 766 2968 103
1605 737 372 264
391 1338 2257 255
1673 855 1005 283
2705 972 830 187
2637 2479 510 300
1906 882 516 264
848 402 709 113
1347 1018 2598 306
865 1123 1428 291
2569 282 109 121
996 2524 2724 297
1404 328 2296 207
913 2779 1240 330
1027 2278 100 295
589 459 854 194
2358 2083 968 110
506 53 1493 159
2764 1010 1394 160
2036 1932 802 126
2070 2640 1805 243
1664 1038 1125 117
38 2050 675 203
1761 568 2122 243
287 1677 2799 246
2288 1673 2336 141
482 593 333 305
1950 87 198 225
423 194 2601 303
2141 2914 2224 229
2863 1895 2381 127
1303 2775 256 275
1354 2210 2556 105
796 2217 137 185
1740 123 926 143
2550 1658 2665 145
984 2351 2381 245
984 334 710 275
1814 1661 1213 300
2436 742 2965 137
646 353 144 249
2095 935 2442 195
851 874 1677 266
1973 1398 334 305
1802 904 646 319
1307 1113 329 133
2702 2238 826 134
359 1387 153 189
1810 1199 1161 255
512 861 319 115
888 214 1800 160
145 2854 552 85
2590 1042 2473 196
2254 2903 363 348
55 2156 1489 121
1369 867 900 169
1778 784 2019 299
2569 1597 2557 212
424 1160 972 249
2998 1638 1511 157
1856 2723 2135 254
557 2553 2636 323
1982 952 1031 146
1453 1064 367 214
2312 788 2824 305
905 2256 2107 294
1125 2420 2094 106
318 2643 1657 178
2285 2155 1996 201
1615 249 1543 108
2762 939 842 188
2108 1737 563 261
814 1427 1630 135
926 1450 1786 169
1842 1301 684 297
489 1153 859 234
1531 1252 2234 169
479 558 1266 245
619 1262 1756 103
2169 422 2852 141
1504 1032 521 290
1097 2163 2532 145
1090 2795 2754 339
1603 369 1061 392
1331 2440 124 73
1873 665 2263 233
2099 1186 2390 79
1627 1183 593 258
113 1484 56 118
2248 1870 1583 375
1474 2862 2240 82
2763 2651 1717 284
2433 2346 2276 271
1056 481 448 187
1976 1671 2767 273
2293 2743 2482 126
381 1712 2013 281
1046 2975 1652 345
1073 1798 770 257
1534 1526 1304 79
2873 434 350 245
1043 376 2650 341
1544 616 563 214
2516 977 2041 211
137 1708 2896 302
244 1783 1943 218
1846 867 2308 248
1299 2717 675 158
779 2153 2463 206
2904 861 715 50
1266 328 144 196
1947 2689 1141 151
865 2332 2879 392
1852 1781 167 237
1973 1630 576 196
280 1592 175 80
2015 2525 500 176
1765 2049 2363 224
2639 2150 659 223
1678 1690 2723 177
1357 931 596 281
1039 1157 1438 150
1221 1690 2761 226
271 258 1746 167
1258 2706 158 206
955 63 1162 184
2027 110 1716 179
353 2502 955 162
1770 658 9 155
2438 1944 1195 275
721 79 2280 191
45 2822 2681 236
302 2143 2447 146
1840 1373 2500 214
1293 2540 801 225
1998 2389 501 165
847 1263 2197 146
2373 1615 646 305
2697 1304 555 206
1663 1644 2507 258
877 1523 338 234
1230 2659 1541 177
2114 482 1417 327
2925 743 1991 115
1366 1689 2507 188
19 1467 2490 343
690 1901 714 223
2005 1801 2499 169
741 2043 1078 108
1652 1778 1023 376
2237 1683 1218 283
2863 1749 5 147
541 2315 2660 209
1980 796 839 64
344 2963 2298 248
723 249 1063 103
1615 72 99 233
2623 1650 2579 293
150 2516 781 200
2671 2330 1359 321
2809 2527 1355 258
660 1033 801 261
1707 2322 2139 176
2509 2141 2699 279
2288 2470 2384 94
539 1415 1622 332
2636 562 2630 347
1877 975 1623 226
963 2908 719 312
626 90 2856 207
1264 717 423 152
411 534 738 82
480 477 1210 259
1585 2745 2910 111
2469 2716 2895 333
2917 1053 1710 348
1248 227 2682 124
337 2406 1665 376
1091 2220 2975 226
1574 956 2060 235
1191 2556 1247 242
316 2377 276 273
2550 2079 1475 162
1262 1771 451 217
472 2501 1289 267
130 1166 1050 229
2380 1034 754 286
2974 1481 2662 293
469 527 636 185
1961 1327 2966 209
777 1617 2228 80
2776 348 1127 333
1643 1419 1523 297
2872 1991 400 231
222 1415 979 359
2730 2603 2298 220
178 1681 1143 287
2483 2399 2711 93
778 2959 2645 209
47 2049 2885 222
2008 1864 166 293
1686 1682 1706 114
1514 1057 2708 326
1163 1435 1365 229
1899 1719 481 234
1449 2396 1045 287
993 1848 840 332
1620 724 1582 339
2020 1423 1214 297
1426 1597 2972 287
2902 2509 489 245
417 1969 2903 231
2999 2102 2786 256
792 2056 1045 194
1899 2630 347 267
690 1716 568 158
1205 2805 1066 281
225 2355 822 203
1091 1071 528 188
1418 1424 1822 90
1233 907 933 258
1149 1768 1917 335
2758 817 1120 177
1911 1679 1942 258
2798 945 134 312
2945 1704 2181 334
779 1394 1903 198
1976 1733 2332 290
1536 2991 2038 116
291 1874 1586 106
579 634 1407 213
1757 2214 1704 196
2578 2582 2787 275
1061 1208 794 179
1068 2378 314 321
1799 2590 2178 254
77 419 2314 209
2739 318 2798 310
2689 2554 2133 69
1493 2753 294 160
2094 736 2228 70
1094 217 548 178
1648 2838 1120 169
2611 1893 1618 145
2625 1899 1411 200
1638 572 354 176
154 1483 340 157
1687 925 2466 162
2279 186 2200 251
1310 341 1363 212
2838 2953 556 173
2773 2873 2164 294
809 2784 723 206
778 1740 2240 151
607 1804 2128 149
1586 969 382 138
2048 1782 1051 196
1238 2901 1969 182
1578 2409 2947 198
959 1074 718 152
25 1519 910 108
1683 703 502 282
1001 1676 1076 225
12 1669 2678 188
1309 669 349 294
674 1 397 291
1004 588 2785 207
1135 1418 1095 64
1582 1957 1719 319
1882 2312 2831 310
972 2896 2549 245
33 340 1252 74
711 1978 670 264
1689 468 2287 243
2719 2686 2502 181
2517 1519 839 187
85 484 935 267
450 1492 2273 254
2621 590 118 343
430 1017 2733 158
1649 2319 2668 288
512 827 530 177
134 2160 2680 250
1603 2602 2286 344
1402 432 2902 298
862 1665 352 249
1804 1506 2752 284
1920 132 2825 268
2523 1070 1565 254
2083 1696 2958 288
2851 1213 600 260
1496 654 2863 163
2074 2765 2577 273
175 2588 2855 245
845 898 2807 286
123 2943 1976 218
1093 1777 1611 269
2913 1101 2880 302
1953 2492 2652 262
1958 1 1036 162
535 381 1020 140
2911 2536 1683 160
2639 1176 2928 233
612 1369 1949 166
1002 2180 1147 210
2710 2767 2176 195
1176 1770 141 237
1873 2550 1123 121
107 2553 697 258
1410 2885 254 266
2271 2822 1792 271
2213 783 1919 209
422 2480 1582 295
2307 1397 670 297
838 956 1469 172
2802 1853 2984 394
272 2705 315 293
2871 591 1866 211
519 1253 635 283
552 1502 2106 207
891 2435 2183 138
1391 823 2110 254
1666 1195 1067 212
1194 499 1735 221
1180 923 1684 281
1522 780 2853 310
1109 1667 456 101
1457 1674 1312 200
2530 1613 589 276
1689 1723 1585 117
2907 1382 1443 250
629 964 189 292
2812 734 282 294
900 246 2986 206
2150 1190 1061 293
865 2623 2154 363
1534 1436 556 221
382 379 1552 223
149 1335 1982 365
2861 1939 364 92
588 693 1499 341
1432 157 2005 308
1017 1088 1452 166
1645 2944 1877 212
331 2482 1617 193
1130 1161 2864 171
2656 2786 660 167
2018 1390 1239 97
414 1128 2934 170
1761 671 2749 392
673 1721 1215 320
603 807 2941 166
2586 2274 2600 187
1950 2722 963 322
1704 2947 477 254
505 703 1725 222
2331 1058 1468 270
1289 867 2665 286
741 979 1101 201
72 819 401 260
1458 1160 2094 311
603 2678 2926 224
935 2569 689 267
2799 2994 2338 236
2875 1539 1845 311
2706 2276 797 137
2079 2023 871 220
1810 1973 1086 278
592 2314 355 177
526 420 1688 283
1308 2219 1105 173
136 281 989 154
335 284 1279 138
786 691 1245 82
805 2280 2809 286
2321 1795 576 154
1142 1407 564 206
1942 843 860 173
1349 1737 982 174
965 1713 1922 284
651 2289 892 193
239 1784 1669 190
2775 2322 781 305
2340 490 449 179
269 350 1818 111
1846 1523 401 249
2942 2446 2745 229
764 2976 1773 342
2728 2992 107 292
2239 2349 1518 171
337 2966 2283 279
1886 1138 1156 234
2774 849 2135 238
2368 2479 590 288
1898 2662 2417 226
2032 1629 1844 200
713 893 21 191
1566 1523 919 272
43 1192 240 251
85 746 2249 293
498 1589 81 243
1354 2462 2976 160
2742 1496 129 147
2525 2513 2032 103
2399 1016 2008 206
2416 1293 1598 166
1481 1881 785 275
1834 2850 168 117
2572 1142 2592 283
157 2359 2141 188
2792 375 1065 94
1263 2333 1448 278
2537 2276 599 292
1390 551 634 145
2331 2424 2241 224
1124 2692 2914 40
936 1363 2085 308
478 2589 2993 310
1167 1839 659 306
1988 2644 1 229
679 1708 1508 234
1494 492 275 302
1191 2294 2900 306
835 93 2260 122
2895 258 1199 300
2737 1430 992 256
1140 2700 1677 232
844 2200 2150 257
1348 2411 1790 271
371 390 32 167
2663 1376 1791 220
2251 2294 2538 157
1331 1214 2925 170
180 1264 801 254
196 2114 164 267
234 943 1917 225
1733 1460 2434 50
441 1430 544 167
1683 1593 1225 188
1079 1955 2918 110
1083 1829 1480 267
1537 1265 265 226
1968 2913 200 238
1886 889 2988 99
2844 1836 1442 217
256 232 1631 258
1350 2658 2716 375
2616 1927 1815 136
2068 2786 441 171
2558 410 716 365
2119 1071 2560 234
326 2496 2042 160
2841 911 1430 232
2026 1948 305 283
565 570 372 354
983 1807 2194 416
2938 1601 2685 261
1389 1985 1148 125
1671 1483 136 170
1126 507 71 176
2031 2783 879 149
2904 751 1027 242
2610 1410 2544 266
1950 1428 1324 272
1388 1495 453 185
1375 2363 3000 97
32 1365 2478 284
2825 1433 900 198
1064 2325 886 193
394 1466 1442 145
2471 1953 12 118
1950 2279 2335 272
1347 111 2074 345
268 2725 2520 135
595 2722 2735 179
1649 1623 2991 234
1558 2797 610 247
2772 1540 556 233
839 2948 2746 127
2251 2143 1618 123
4 1442 1132 209
715 245 1255 196
2994 341 1739 290
154 433 1256 188
1642 83 1191 333
1995 145 2260 122
1970 169 2189 246
2169 2153 2204 101
591 1788 1653 262
739 553 2 206
1491 2005 2091 341
2439 1818 698 217
1293 161 346 223
1490 787 2616 114
2526 2915 276 262
705 1335 1950 366
2248 482 317 408
1264 1776 2486 128
2919 2058 1753 189
2799 1076 2586 345
1195 1756 2898 206
1139 2507 822 323
1956 1725 77 182
1864 2936 280 150
908 2802 2706 203
461 2378 961 304
1888 2257 739 167
974 969 2569 158
137 2140 1334 201
428 2197 2634 165
2828 584 821 199
2467 2296 316 281
814 55 2041 122
2181 2504 2498 322
1010 148 2106 247
1463 662 711 127
714 2933 625 328
2783 1282 576 184
210 2524 1981 213
1671 152 1928 231
393 612 2166 284
1291 1126 805 297
582 2769 722 218
539 1027 2543 290
572 1396 1603 292
2277 2442 495 220
2833 2338 1689 80
2192 1074 2641 258
602 1064 2438 243
603 264 2827 82
1485 2465 793 262
1133 910 757 324
2084 2512 701 316
2656 1085 95 214
1963 2434 2313 127
1488 352 464 234
808 346 2104 206
156 2040 548 364
1642 982 2571 297
1533 2437 2254 371
1573 1861 2947 309
763 2193 239 261
1133 318 144 358
1504 1448 171 115
2049 488 131 222
2654 1295 1592 245
1521 154 2132 243
822 2539 166 368
434 359 573 183
638 2525 2381 64
313 1325 127 170
2363 2351 746 233
581 129 2321 126
1451 1017 567 166
1334 2209 1935 231
2715 2162 1213 280
2595 2568 1969 232
328 879 508 245
1542 2829 2813 269
2370 2632 839 212
1739 2531 1953 224
548 2613 965 227
720 477 1724 236
646 1698 670 365
1217 2758 1743 193
1978 392 2743 334
1353 481 1346 247
699 1381 997 250
2464 1402 350 173
2038 1923 2240 97
2938 1914 2833 138
1533 2118 1498 238
730 2422 1993 255
1093 1694 2756 227
441 222 2129 250
75 2284 2903 171
953 2664 2930 189
2398 1654 2750 133
663 2126 1638 188
79 2875 359 222
573 40 1369 145
2487 1306 362 310
852 549 252 150
2091 906 1242 251
1871 2106 2294 276
2897 2097 1542 271
1729 2266 2851 273
2086 791 538 251
66 630 2728 275
2043 1048 2346 226
2602 2697 1763 261
641 769 655 218
920 18 432 232
340 1966 1270 215
2489 437 1371 114
579 1524 2255 162
1413 2076 2699 359
1450 2617 356 167
1805 305 2628 224
2610 1011 2193 251
1256 887 26 256
585 1232 997 286
1965 693 1070 220
1030 410 1303 322
855 988 2942 331
1583 233 1792 320
863 2891 2962 250
851 2727 314 282
1018 469 329 196
2975 1155 2964 316
599 1804 2474 229
1770 2116 2545 146
2230 866 96 215
1851 1312 288 207
2117 2317 1712 246
2773 1889 2951 200
626 1299 898 272
1913 1207 1559 310
2039 612 785 275
383 2650 186 267
237 1328 2450 124
1966 950 1268 237
995 783 1986 211
854 2213 2113 201
1529 230 2047 305
1908 376 617 297
1744 408 384 224
1792 549 2882 207
766 841 454 220
1487 198 888 187
46 2516 2568 190
556 1357 333 314
1994 2567 298 223
2042 104 2489 190
1828 2095 1280 244
419 1526 335 60
1723 1814 2404 177
1579 2014 1294 130
1801 2461 1698 231
1631 2394 2214 272
1265 2538 429 225
1154 2771 2528 149
586 545 1607 279
2213 1168 328 211
360 1817 2261 357
805 1500 12 299
1523 2220 644 298
1825 95 2533 243
2198 654 2181 273
1891 573 1923 195
1804 2734 1502 123
1206 310 1960 323
2896 1790 153 321
2276 924 2653 188
2843 713 1885 248
1416 2332 638 235
2178 36 1165 330
327 2940 1012 217
1365 2036 1975 260
379 1320 2324 128
485 149 2702 225
1934 2774 903 203
829 1433 1165 259
2878 273 1383 174
121 1244 228 227
1604 1947 637 198
766 732 1827 251
2093 1128 23 232
839 171 55 154
96 378 818 189
1868 2989 238 239
2627 2140 261 147
302 483 2107 264
2528 2752 1529 243
2820 2298 362 224
291 118 769 218
211 2006 1886 160
352 395 1618 128
1032 2065 329 321
2916 1351 743 150
2006 1254 1926 290
1821 108 2299 150
2246 998 611 182
1450 1354 1595 178
1651 1753 2930 201
699 2746 2333 286
2411 462 54 77
1252 296 351 88
2242 96 1582 182
643 562 2830 365
2839 1260 517 246
2208 978 2113 316
2012 1005 2402 287
1072 260 1149 259
2177 2358 1861 145
2736 2904 1706 60
1058 1295 1045 177
1275 2567 987 256
1933 938 809 249
410 1310 547 287
2183 2158 2010 202
1555 2461 1463 220
2784 2646 2067 148
918 488 877 245
161 1228 2175 310
2873 315 2007 389
1052 657 2975 233
1805 1804 2126 200
727 1132 2756 234
1741 2042 2948 105
1605 1377 1701 238
2349 1084 1223 196
2979 2131 2924 264
313 1617 1019 146
216 2123 1999 203
1275 2009 297 264
539 2753 1203 255
1874 1264 1471 74
1261 1044 931 297
638 1922 1185 292
873 2552 2087 193
1369 2605 729 92
2842 2795 1626 271
939 125 97 326
2907 92 806 251
1943 2060 1417 332
2767 930 2832 268
1989 1381 2372 282
1817 2598 891 207
2072 1039 2169 165
762 2968 894 50
111 1637 1965 122
1611 1655 532 198
2127 687 903 209
710 2449 2844 150
2712 1361 682 310
1204 2608 2374 250
147 2428 630 331
1063 2138 843 123
1405 835 2093 194
2066 2425 1202 148
500 696 2215 242
1843 383 1981 250
1231 2134 994 170
105 1214 2840 202
2768 401 2053 187
1000 2590 1920 279
2544 2432 2550 260
655 1894 1299 254
912 2850 99 91
2462 1775 45 166
2171 91 1424 167
957 33 374 215
1485 1928 2766 231
1266 2789 690 189
2241 881 1669 124
2886 2198 1960 278
164 1423 1379 214
183 846 2909 143
2804 1728 263 238
731 1060 2649 232
2587 394 2255 36
164 2730 2395 271
829 2192 1431 203
2932 998 536 365
2701 2941 1342 128
2446 2704 227 273
2312 105 1762 282
1785 159 1006 218
1144 65 218 146
788 769 2820 210
904 2967 2530 196
1201 2966 68 161
318 2988 921 174
1523 1312 603 176
611 223 947 272
1779 2393 993 181
584 1348 50 284
1474 366 2055 182
2276 2130 1498 222
1779 2820 2307 223
1261 297 1381 312
1996 2545 87 117
1514 1776 926 217
777 723 2661 63
1125 1933 2320 200
57 1763 2218 193
2529 2591 404 169
2160 1951 379 279
2046 2185 2295 149
1536 274 1225 145
1060 621 2090 129
357 2131 2500 304
197 825 1404 237
2321 1480 2866 261
2411 1111 2146 173
83 2410 1805 257
1177 1927 2936 261
1037 2649 2292 210
1587 1262 2542 68
1219 2599 2920 250
1417 1845 2340 185
550 338 2338 85
1260 2573 1060 116
2644 674 1098 326
1895 154 1662 284
1831 2071 2235 179
2851 461 776 338
410 2979 57 244
883 2947 747 184
2074 1608 530 315
2010 1405 2730 232
130 2560 790 111
1907 831 2303 162
2652 945 2536 280
1950 540 1811 268
2566 290 104 280
788 2901 355 178
2482 1065 2690 190
2044 2096 1800 143
2535 605 2926 155
2073 836 1478 244
645 1173 2008 286
685 778 1226 248
1865 641 2967 143
1398 885 1880 254
2219 2041 1202 173
2401 1872 1340 196
2405 1546 270 60
1187 2285 2059 185
1469 522 2397 86
1685 2068 1776 245
2651 2238 2528 163
2023 685 2772 115
2135 1130 179 143
2316 1570 2264 322
125 1447 737 335
2593 2809 1448 112
1864 2329 1048 202
1046 180 2325 305
2107 1189 1495 211
185 1976 2930 316
397 1234 2215 281
2682 1586 872 73
2193 2725 8 225
686 2880 2116 336
1343 847 2367 159
1861 1292 388 257
1116 1861 2107 206
1822 1887 2326 114
1469 2020 2446 223
2809 647 451 295
72 975 1984 282
930 1812 2822 245
1086 985 1581 400
784 804 1340 205
1645 1491 1854 200
274 1166 1861 324
809 1324 1747 257
2194 1755 614 350
688 1947 1186 103
1106 1128 2688 295
1113 214 800 217
688 2183 1877 106
586 307 2488 268
2322 990 2735 267
2401 1088 1846 217
1626 431 2630 303
299 2730 1560 139
584 1190 2223 284
2956 1011 2921 250
2514 2046 2953 158
1691 547 2895 288
1195 1925 438 217
1061 2776 121 231
1885 2359 2458 198
769 1627 2697 183
281 2202 2434 137
214 738 2354 176
2216 2500 2659 150
2990 1738 522 145
1029 841 2516 117
613 404 2957 330
41 2468 1061 262
139 1310 479 279
1731 2718 769 154
2899 1140 2556 232
2915 1827 3 283
2774 2840 1728 250
1608 1430 827 201
138 503 2739 260
2621 2922 1914 346
96 1534 2513 157
2018 2150 526 233
767 1699 784 181
1949 556 1896 292
34 729 73 149
1025 2676 2233 172
2400 1319 94 183
1918 2141 809 327
510 1626 1665 210
1222 873 879 213
517 2255 727 251
2277 73 2055 338
439 1951 1753 239
1673 2453 416 139
1724 1109 1530 147
1690 2519 981 260
1631 1480 2070 233
155 1246 89 319
2504 2671 1805 308
2020 1767 1926 360
2885 2345 20 194
1407 1671 1070 270
1036 463 1710 176
1487 1244 1508 221
2782 1625 1007 264
92 624 2681 234
1085 367 752 167
297 29 595 251
798 1466 169 70
1692 662 1520 179
2176 74 2816 198
2461 2602 808 326
2075 2909 2678 202
862 1296 60 217
988 1390 1539 249
2484 2241 1114 173
1309 1774 1780 369
1680 1095 1843 163
458 1415 1476 194
953 1118 2355 174
1907 1697 1654 209
1540 2278 2621 260
1139 2673 2469 315
679 2771 1953 118
1892 2608 2522 298
2753 2061 457 91
2121 2700 2971 304
728 2745 299 194
880 492 2218 196
917 2286 827 243
2884 1516 165 282
1439 710 20 172
834 2033 2828 188
819 2540 1563 288
11 1333 644 181
1910 352 6 160
525 2168 2541 258
1197 1982 1324 311
1575 87 20 89
379 900 599 268
2716 1800 2880 276
522 1521 2164 159
2237 2526 2240 227
2978 2626 1109 126
2486 2683 1207 162
1729 655 2422 378
1392 1720 79 145
727 476 538 261
748 865 1779 260
2886 2451 800 218
191 1627 2890 191
2222 463 2973 139
1685 394 481 137
2080 2112 2570 194
2979 2510 16 244
2087 2144 2153 196
2100 173 1133 210
1500 149 2238 292
1463 1554 2802 258
2340 258 1787 229
1796 2192 2963 347
354 1958 2425 245
2312 2478 2973 312
2038 865 2093 220
420 1832 2361 331
637 2657 225 195
2220 2947 893 237
947 1080 1203 195
535 2059 1168 114
1766 99 1350 227
2829 2852 1503 161
2693 2103 2841 303
2922 2450 2534 189
229 1287 2290 140
2486 517 1781 235
1686 1824 2206 270
1981 325 2433 182
1864 160 1738 135
542 2727 2050 233
2712 1210 574 314
686 26 934 347
204 2529 1879 89
120 394 2601 217
1360 528 2590 207
1911 1170 1292 306
1179 1214 1996 293
2221 1870 208 326
2481 2286 1293 206
650 1346 430 258
846 1361 2917 271
1597 2607 1602 281
1843 977 1199 323
680 2369 1624 270
2069 2925 2320 125
889 1825 2643 174
2612 2123 1065 161
2331 2889 857 355
2903 1182 602 215
125 1 2269 215
1896 2593 475 195
2751 2987 1671 311
331 341 2915 348
1060 47 1130 134
1213 1408 268 250
752 147 1989 209
766 1398 2305 218
1360 167 691 173
865 2346 259 407
2222 1111 823 224
2374 2336 606 112
1199 2998 2873 364
22 1106 1485 304
434 513 582 163
382 1059 2402 225
1749 92 2304 184
1076 2705 393 300
63 351 2646 99
2748 1451 9 217
1528 2078 1648 185
275 1885 1253 246
975 782 1307 151
1455 152 515 353
2091 680 584 299
2929 359 2507 222
2383 2237 1100 231
1541 2611 8 341
1593 63 2950 148
1135 2812 799 211
205 765 2524 174
2700 1465 724 393
1193 1690 1511 63
2213 920 593 170
2800 2454 2181 368
2323 256 2606 224
664 2185 1331 113
176 2795 2221 284
2774 2006 2723 267
264 2537 914 250
575 1103 523 206
17 387 807 248
372 434 760 183
2999 840 2320 297
475 2010 2156 108
714 994 47 171
11 1172 154 250
1393 39 1909 232
897 905 2922 248
669 279 2166 215
2226 635 1097 250
2934 1571 2454 345
1077 706 180 227
749 543 2139 182
2903 1232 449 275
2125 2415 2028 155
505 244 2807 237
2139 450 559 201
511 184 686 342
1063 2184 172 123
1309 2296 2975 291
1894 2537 2247 181
1767 2869 2301 206
1644 2129 37 167
2788 1719 2069 188
2381 1379 1960 160
27 2770 1078 223
1510 1870 553 335
1045 2741 2028 209
1574 2015 1015 190
752 1833 2182 179
637 2304 2054 97
316 2654 766 243
2824 2831 979 256
265 1497 1739 173
1059 1133 2060 306
515 1605 920 222
2421 2828 2742 157
867 1960 452 320
1659 1550 278 286
311 1035 292 232
2918 1133 1956 242
2164 797 20 229
1462 1207 2777 215
1622 2595 1854 215
2194 2993 1013 412
1732 779 2313 179
908 628 570 200
367 2219 294 125
1253 806 251 190
877 2404 56 215
138 1293 1957 330
1195 1977 1253 159
1354 145 885 126
547 1447 2062 300
2976 1446 2596 312
2746 826 2527 154
1443 2087 594 251
142 2478 2188 347
1896 2957 1598 281
2652 2588 1981 310
2633 2642 556 287
2930 2246 1610 238
890 1863 2836 199
122 1252 1937 249
838 1025 2277 335
1203 408 427 122
2215 1960 2139 193
2295 1437 2067 236
1615 1788 43 260
942 516 2104 100
1427 1479 432 139
2180 921 2779 269
2768 170 294 169
2862 811 349 117
487 1099 1468 388
2451 734 484 177
2857 343 1134 254
2131 1983 2081 278
2653 162 1439 300
2107 2818 2529 193
2967 2031 394 124
504 1482 2623 236
2749 2347 1003 339
141 2096 1427 148
1959 1451 2568 176
1979 2076 1503 375
1155 1971 1562 271
2062 1463 1268 200
2248 2824 2912 295
2362 900 2066 105
856 571 2235 90
614 1536 362 250
308 2511 2277 245
1331 2261 1577 201
2750 2164 2982 196
1024 344 2315 77
1039 1265 322 322
2399 1499 259 305
1455 1442 982 344
2694 2176 1736 185
1667 900 766 143
409 1399 1398 235
2716 1097 2084 260
1616 2066 1157 102
1036 1854 789 53
2768 1846 1166 243
622 1995 1667 73
1930 2882 1315 214
2687 835 191 184
2536 771 2387 260
1961 1605 550 254
1923 2076 989 224
1877 873 508 255
901 1618 2329 73
2123 2368 286 183
759 1907 713 198
2917 1428 2015 326
2899 461 1032 368
307 719 136 162
2814 1997 269 280
1649 1432 1933 358
269 118 2315 184
2631 2908 1838 321
2004 1326 1457 256
2940 1671 771 174
52 190 2711 57
952 1897 1471 147
1864 2722 2265 348
2078 685 993 233
2434 632 2165 89
1232 763 572 232
399 1636 1163 111
368 2244 989 190
1573 1523 843 267
1675 595 1280 108
1386 1217 796 94
2347 1840 453 201
2443 1917 1654 268
1150 310 1252 226
1244 2860 464 355
978 1532 728 360
1679 2817 153 177
1625 829 1879 106
1400 1190 1815 239
584 2623 2168 291
607 1196 2588 210
737 2405 1475 126
2374 2117 2304 171
1003 2202 2711 202
1228 660 1199 281
1028 8 1589 235
1595 2874 1713 358
961 723 2854 117
2568 2832 585 212
2686 2028 2623 288
543 1790 2632 255
2730 2221 1657 246
1578 969 1669 130
2878 1449 2254 353
744 1649 833 165
449 2635 787 229
636 1083 613 271
2910 2048 1752 113
1870 141 429 244
2380 867 2451 227
1099 1433 995 217
2687 2624 2481 128
337 2497 2379 206
775 1644 2115 198
932 1476 1732 231
1102 77 1743 194
2400 1425 2149 338
2613 560 2502 187
1608 1650 2329 229
2064 2679 2911 159
689 2334 722 335
2076 1651 2832 189
1502 2727 2988 162
747 2932 2849 278
890 1222 2327 195
2962 2461 731 297
2087 1576 2299 242
675 366 1228 178
1632 1068 1711 341
2309 1904 2381 88
300 1806 624 350
1743 2001 2731 238
1703 381 2538 300
2041 2887 2884 316
1220 1658 56 99
2628 2782 2517 304
2232 154 1875 231
1831 2809 1546 133
2688 854 1698 306
1146 1995 1541 199
1609 1153 1645 188
2523 1135 2080 60
324 2223 437 254
1128 2612 1204 185
1829 2423 1289 333
2680 2101 281 165
2508 633 2897 245
1419 2252 589 322
1609 2336 1910 108
1944 641 2579 234
1120 429 2884 218
672 2391 1660 288
2257 771 2940 187
189 147 2096 147
176 1136 1036 75
2217 1687 2974 209
1265 700 2592 281
2869 1740 2205 126
2751 1409 381 348
1409 1284 2068 326
449 1270 75 238
2807 1093 1992 176
1473 632 105 190
2169 223 1335 290
1172 2837 2626 202
1590 1353 1845 238
46 1384 2353 262
2836 1416 832 213
2790 464 1923 279
731 256 1888 262
868 580 567 110
2457 1234 2463 372
2009 2498 748 239
621 1833 2117 167
580 1478 2170 151
2056 600 404 283
1463 1453 1214 328
2166 942 1482 135
1203 55 2845 292
1991 2951 482 341
1991 1485 991 314
1728 314 2164 272
2197 2984 469 145
20 2174 1987 103
1708 1989 1451 327
504 1196 2965 220
2735 2251 1066 162
2166 405 254 239
2183 1869 1657 125
2126 2930 2283 293
1949 2535 2324 115
1908 92 1682 260
385 135 905 245
312 2071 1093 147
559 1373 2768 161
2852 2776 1161 157
346 2662 2018 177
1590 122 1428 306
1418 2771 348 172
2874 427 727 239
2620 1495 754 275
1691 1299 1716 234
1384 2059 1790 326
2610 2229 2171 200
2365 1221 2986 264
1085 2524 426 167
1617 1149 1512 293
1739 2911 1168 231
2285 71 528 137
924 2621 2185 300
698 2120 1422 232
2016 1308 445 178
2136 2026 2860 239
1534 2654 1092 86
772 2727 22 226
2112 174 300 264
2709 1309 2571 367
831 2049 2902 375
1711 572 812 176
15 2269 2361 201
2957 2391 67 293
1194 1312 1387 176
398 1205 913 226
2268 2166 1487 162
75 2917 1746 236
300 2693 663 372
758 2150 1642 199
2808 2012 929 229
1791 2201 2517 335
2728 559 1785 203
2692 1685 2872 57
1272 2001 1013 308
1053 2813 2203 299
939 2335 1207 275
1413 2677 2213 310
2474 2294 2641 211
510 1779 2251 81
2519 2443 656 368
2528 775 2480 150
1805 2872 904 232
906 645 904 334
88 1566 1275 369
1085 1414 1734 212
2247 412 2790 215
1790 484 1710 323
1477 2153 453 234
1063 475 2986 129
2625 991 1660 332
400 323 1439 286
1014 21 309 135
605 392 2537 322
2208 1589 2355 257
2976 638 1118 286
1148 2113 2911 171
2867 1988 2959 321
2478 2989 2547 278
712 1275 1364 294
1585 2619 372 224
2639 2796 2993 264
493 2932 471 278
1941 178 2543 316
303 271 2458 125
1563 303 291 211
532 2644 465 160
662 1598 976 130
1897 2589 1492 257
1907 2365 2714 212
2820 848 2889 172
1484 289 708 105
1260 1027 2574 225
1954 2146 2444 193
1198 1528 2424 88
616 682 2327 247
84 1335 1512 327
191 40 2217 179
597 2507 1323 166
984 2984 2063 315
2740 2988 2825 128
2624 2265 1666 165
2759 364 932 234
883 119 1004 235
1857 12 1642 243
256 1962 1601 238
1840 1505 183 177
746 177 1534 190
529 869 865 320
2873 667 2050 309
1630 507 1787 245
1889 1674 103 185
1436 1490 550 104
2761 1799 973 211
2078 1898 2012 244
59 2248 1970 255
2220 2206 2768 308
1039 1059 8 225
2402 2715 2092 218
1445 987 2835 284
2914 1692 1726 267
2716 956 2004 303
1123 1439 2936 189
1915 864 1380 158
1352 750 1719 237
1153 1220 488 85
1204 1593 1517 264
1074 1516 1217 222
1676 704 1402 233
2713 1483 41 269
2992 1234 2897 288
2705 1981 597 184
1156 846 1877 170
939 209 768 298
1703 1947 279 169
2563 198 2080 160
194 1837 811 210
215 615 97 236
2280 543 2447 127
1480 1707 2977 181
1469 198 1193 104
965 1799 1462 165
87 636 944 165
1766 1249 1869 151
293 199 1803 332
2760 826 2948 88
2631 1240 2701 287
1384 944 2640 331
1107 2522 2141 248
2038 2828 1266 91
588 842 2449 184
1417 1836 2664 169
10 824 2009 273
852 1156 272 198
2171 2566 2617 167
927 1228 816 298
1941 1959 2514 305
1075 1632 1245 129
325 2473 1319 116
1389 2708 1087 129
1837 2617 436 170
1380 1592 691 163
1895 2827 2112 225
1556 623 2575 273
2545 2299 2166 126
1453 2430 2253 292
2076 522 2536 220
1110 1566 1381 356
2207 1672 2115 203
1666 2255 2801 152
1476 2193 2107 189
2404 1889 2924 206
2121 2608 1938 198
1829 2082 1769 172
1840 1067 26 267
773 2746 204 126
2187 2113 2425 264
444 2943 1282 268
2252 2754 993 364
2274 738 159 72
2086 129 1129 196
603 2101 2937 73
2628 96 2695 247
2046 1281 1471 81
520 983 1113 222
2044 2547 1362 315
1968 115 1202 169
2472 2034 2828 160
963 1228 1836 154
1939 1691 537 170
635 298 830 324
2764 1984 2690 215
198 2645 971 141
2998 1599 2505 201
1157 433 1114 158
745 2283 5 178
1625 1191 835 173
499 2339 544 203
2406 1707 1689 215
427 1329 2731 283
1929 595 160 121
2592 2946 924 320
507 2170 1362 210
2084 1038 2476 203
2325 1060 1433 134
1948 2724 1020 267
215 202 859 184
1149 2574 912 237
610 613 902 319
2168 2288 2065 237
1096 1732 499 248
1851 2521 2230 409
2750 2037 2515 266
141 1475 1678 141
2755 685 2092 225
1695 648 115 242
2199 968 1745 91
2084 1458 1315 300
1208 1243 1875 221
1260 1467 1305 194
1707 241 848 81
2640 1208 717 239
2687 2840 251 198
1449 881 991 294
1436 737 154 211
2534 266 379 235
2511 2797 1721 259
653 1526 321 136
860 1073 2494 279
1963 2693 2280 271
1086 585 1746 344
2191 2058 2817 128
1173 1047 2264 297
1317 1866 1645 352
2604 532 160 84
1834 1144 2021 106
612 1797 2613 114
871 601 662 149
1627 845 2417 223
896 1325 2824 143
2033 2221 1211 254
1157 618 1336 171
147 2056 554 190
835 1420 2112 187
957 2785 1790 225
1968 573 2624 162
2961 2558 206 178
2838 1477 857 276
1330 1663 1700 266
2591 488 2795 226
351 840 397 238
2403 352 2930 199
1480 2193 892 250
71 1174 2539 287
1900 631 909 194
494 31 1753 179
2796 2117 221 172
2774 1173 483 294
2639 653 280 234
2580 2186 493 235
2519 906 485 278
1078 2982 1001 128
1175 869 2776 181
2137 304 1738 223
1541 1422 357 226
1326 251 908 106
2445 1843 2703 315
1269 703 1311 203
1035 1042 1600 292
1612 548 1987 181
1847 1740 2331 328
365 453 715 82
734 1904 1913 215
2804 1473 890 226
1842 1359 232 235
437 1745 599 255
1385 2118 1560 176
62 2690 2128 359
52 1229 2177 122
2114 2493 183 147
1388 182 2559 92
1647 2998 1763 189
2907 1566 1096 298
2893 2971 2154 233
2088 1889 2649 115
2071 1138 921 191
103 2786 958 146
464 1583 2737 257
1142 2636 1445 237
2344 563 2897 217
1516 2047 2740 243
1254 1639 1867 372
2667 1180 2946 339
824 943 1634 242
2097 2343 948 205
87 861 565 179
2179 2415 1365 190
1896 655 2745 268
598 420 182 269
201 458 1507 215
2583 2536 2202 154
1565 485 1652 319
2415 2619 722 189
1038 310 916 214
1199 1519 199 266
2507 2414 834 266
2032 526 1234 278
2616 2899 517 233
313 2849 1791 255
100 2701 719 267
1725 893 2978 134
1857 2664 25 173
1631 2785 563 187
162 2266 1694 282
597 744 2226 112
2626 43 630 255
323 1598 1048 133
2312 881 324 294
1331 2167 796 135
522 58 220 196
1220 1128 292 123
574 1827 2567 190
190 879 625 176
1329 1380 1402 244
2507 2373 200 315
101 2022 2383 217
1321 1272 888 267
1593 1111 720 321
2722 454 2622 276
1949 2771 2234 70
1120 1810 1429 212
1040 822 1802 259
1973 2687 1746 203
503 2522 527 259
1900 730 2458 174
501 1030 2081 209
224 1773 1084 288
2238 296 2877 213
382 761 943 251
180 83 1353 324
1447 1376 2042 239
2560 953 460 41
2480 392 839 282
2884 1535 852 264
2455 1936 1380 323
1256 2942 1124 163
2227 2592 1646 288
1088 1604 2783 269
1619 94 2042 191
1096 1308 1085 212
1092 2254 678 234
2360 889 643 314
589 499 2703 268
2872 113 1351 84
2990 24 209 297
2553 2729 1211 189
870 2128 2116 199
1078 2502 1748 211
2852 2111 44 178
571 1688 1914 147
2645 2661 1096 155
219 988 410 310
1518 1308 595 149
1493 102 1254 234
2705 117 1281 166
2495 680 941 246
2853 124 801 205
325 1657 14 165
1873 2217 1851 242
2269 391 2318 209
4 254 2815 248
1379 2718 754 222
340 1339 2692 90
1317 299 48 254
640 1463 466 137
2836 1033 1350 258
2143 2961 1073 237
1788 732 234 321
1248 1102 2602 177
625 448 1348 294
142 1677 1334 225
447 2603 2709 266
2563 1596 2803 306
1979 1537 1950 317
722 646 416 261
1583 2181 1762 355
1945 2520 1149 266
2145 518 124 199
1258 337 2920 275
915 2133 1241 203
1456 2088 617 150
1390 2218 1065 70
491 994 1182 170
1358 2317 93 299
22 9 2763 211
2248 1120 2975 308
1483 2305 2587 90
1172 1208 2111 275
2212 1287 285 305
1174 593 1664 262
2576 17 1844 235
881 1803 12 183
1848 366 1982 281
57 1328 273 194
2440 2795 925 150
2019 1184 812 269
1719 1718 1103 181
2744 2639 76 221
1393 494 878 346
1554 1983 959 155
1521 1522 2685 221
60 1806 1593 300
2535 2649 330 202
2620 226 397 256
1083 1100 2224 170
576 1839 1776 198
2424 1506 1474 125
1323 2151 2573 262
1543 2226 2567 92
2592 1519 2016 300
273 2615 2808 124
1621 645 2635 320
1491 1351 176 161
2845 1727 2382 287
1153 1574 2521 209
2516 1995 2922 203
2078 2027 2765 99
1592 2856 1418 176
818 1760 1016 183
2505 1063 492 133
802 1367 2171 179
1085 2682 2601 243
1013 1237 1104 250
2093 1273 1713 275
2572 1046 2762 281
546 2714 1723 188
1218 2766 164 286
984 1704 640 248
1598 1525 2831 247
1975 1270 713 269
38 2377 1535 283
1655 2435 105 171
2842 1044 299 305
2969 1740 1232 249
2931 640 2740 110
1037 2854 1313 203
1922 2914 476 138
2361 2465 831 239
299 2328 1857 291
1331 662 2038 66
1878 2105 2974 281
972 2773 2220 199
2660 677 2748 283
390 1190 2216 184
695 2734 1631 205
1239 484 2209 154
2170 2088 1996 122
2123 2168 279 195
6 2312 1365 303
499 2288 1382 189
1959 1514 2327 195
4 2981 1850 182
817 1382 650 223
2348 2013 2925 305
2868 2561 2700 243
2470 286 1956 48
800 2353 1655 262
2171 730 1893 103
251 2404 2292 176
2027 1305 890 108
1202 483 625 339
2942 1566 2336 191
301 2599 1885 198
2484 2623 2071 188
1598 2891 2598 206
834 1412 1845 178
2839 1885 2032 242
617 609 2675 189
1390 893 2042 36
2040 41 2204 225
1870 2411 2089 202
