100 50 2305
23 21
43 49
84 34
64 42
34 2
81 12
70 18
9 25
11 16
54 48
67 45
60 29
31 23
80 19
39 21
47 12
42 41
10 25
25 23
19 10
77 49
21 48
68 29
72 30
94 25
78 12
20 39
42 2
61 23
22 49
44 20
60 37
61 22
13 37
94 31
98 22
82 18
19 1
98 42
31 43
67 10
55 38
48 48
91 8
21 12
6 16
31 18
52 43
39 14
31 34
47 28
6 30
45 26
80 44
18 12
37 36
21 43
25 20
90 15
27 12
78 33
77 10
2 30
3 40
44 35
23 42
65 30
21 11
56 2
55 25
66 41
60 38
33 36
58 22
50 34
36 29
68 12
38 19
44 42
60 37
77 33
80 43
14 2
53 19
55 7
93 20
97 4
58 31
39 17
55 40
50 40
70 20
53 8
90 46
51 50
34 27
84 13
71 47
64 24
18 21
46 39 70 126
7 79 55 127
14 49 21 110
52 72 55 138
42 7 81 135
45 99 74 89
68 29 90 154
85 95 46 190
44 81 39 159
32 58 61 275
16 54 24 185
8 51 58 128
52 57 45 74
43 2 100 211
76 42 40 221
76 7 90 152
59 6 13 213
13 85 50 266
15 21 69 148
33 8 24 141
47 31 20 227
25 65 86 195
89 27 79 189
90 32 86 250
73 27 75 163
83 87 76 215
64 36 82 138
81 68 26 153
45 77 80 146
15 53 71 225
55 65 61 165
45 47 9 135
74 79 30 185
41 54 13 184
21 54 42 104
80 64 2 247
12 23 24 237
59 65 44 85
54 39 80 151
99 2 23 210
51 25 52 155
69 87 91 221
26 62 25 99
100 25 19 116
53 65 20 217
23 20 72 220
99 7 68 100
49 55 35 200
69 80 99 181
45 17 67 44
