200 100 8358
99 60
60 62
48 36
75 24
84 86
30 5
78 48
34 38
25 33
96 81
34 69
87 24
88 41
29 28
45 2
71 96
13 82
57 60
18 83
35 53
68 64
57 45
64 43
35 88
75 82
20 8
50 6
32 90
98 60
69 95
13 39
42 77
73 50
88 90
32 23
42 99
38 51
96 1
93 82
40 67
63 60
27 13
17 10
2 15
21 70
61 85
60 2
61 32
51 48
73 34
70 67
84 8
17 79
8 9
12 48
27 75
7 53
39 75
14 92
89 34
13 1
18 24
2 30
8 4
78 80
37 99
46 21
6 62
51 66
22 63
65 49
89 23
1 27
97 67
70 38
100 82
38 70
57 92
99 64
95 28
44 84
27 41
56 84
55 6
49 76
20 13
24 8
87 77
86 84
43 7
21 94
88 10
63 45
1 14
60 48
41 55
83 67
96 38
51 2
95 51
77 67
16 53
26 2
29 12
85 23
70 57
16 10
67 31
54 19
44 65
66 84
20 100
3 67
37 5
68 84
55 44
50 70
48 75
24 28
38 8
50 8
17 18
69 35
100 74
53 43
38 71
78 57
70 32
23 59
36 42
42 43
38 43
64 85
69 87
13 59
47 14
18 63
83 86
49 82
59 1
76 96
71 54
5 93
85 79
51 73
21 44
15 58
38 30
42 6
17 6
16 15
72 33
29 54
18 77
88 28
77 63
24 100
68 28
44 5
58 46
77 78
41 43
35 78
72 29
35 40
86 51
54 57
83 34
63 53
10 50
80 39
12 55
90 32
34 33
36 92
78 12
69 70
6 56
47 29
36 33
69 21
83 74
30 18
8 44
22 17
93 1
7 56
8 96
87 41
28 22
84 57
85 5
26 90
60 24
71 95
57 39
67 39
64 48
8 71
91 29
117 109 186 118
32 97 134 220
36 88 91 256
198 57 125 102
175 97 35 260
144 28 94 206
19 196 108 188
21 140 128 188
185 158 50 249
100 167 142 199
191 135 42 179
156 80 153 103
99 43 18 138
152 123 180 238
42 63 122 92
85 59 64 225
199 78 152 216
155 1 20 247
196 51 52 202
135 115 183 133
56 61 161 79
158 132 70 171
95 124 81 119
106 50 144 165
190 6 146 174
60 132 128 99
160 49 50 266
14 56 138 122
4 120 72 162
104 170 117 257
184 25 168 126
165 104 150 225
33 1 69 205
134 151 56 111
14 134 67 77
103 83 176 151
196 14 25 159
195 142 153 96
159 157 98 213
158 171 172 176
13 59 100 192
93 115 28 185
23 170 144 200
120 54 145 100
62 49 109 117
121 40 124 160
82 96 133 250
30 193 13 123
77 52 89 115
196 173 11 226
107 139 187 161
144 67 103 103
138 151 130 196
104 6 74 230
42 11 118 126
95 139 146 138
159 115 136 158
198 72 136 31
152 25 184 85
63 81 178 99
136 194 126 201
171 106 188 113
155 123 147 259
3 190 85 215
84 35 64 203
20 162 33 231
145 34 164 105
188 63 21 183
29 83 103 151
78 165 14 278
36 74 185 243
109 76 128 126
59 73 85 248
126 112 11 202
11 151 76 237
75 151 135 264
157 102 11 218
152 63 35 94
57 115 158 166
72 158 66 110
92 126 102 201
125 142 111 75
31 115 29 163
128 119 31 124
129 23 185 198
106 170 17 184
114 53 193 163
62 117 83 103
94 38 140 276
129 135 175 194
5 162 95 127
6 26 124 179
187 93 65 55
161 80 156 130
93 88 127 189
150 93 170 116
3 181 53 200
132 179 151 207
140 177 54 113
161 41 36 127
