400 200 35795
21 18
83 181
18 21
4 189
45 94
97 93
75 143
21 158
99 136
38 41
28 77
49 25
85 84
72 116
10 112
99 31
81 182
11 198
2 167
38 198
60 35
42 35
77 14
44 127
1 133
19 129
9 67
5 145
2 128
60 112
39 11
94 119
92 56
16 145
22 6
94 34
40 87
20 168
100 115
46 1
47 164
81 55
82 137
100 84
64 11
47 103
21 40
21 164
95 89
8 69
94 1
2 85
87 121
52 139
35 97
91 33
12 123
87 193
59 38
28 122
49 174
76 69
65 149
33 12
37 92
32 82
45 133
66 83
5 169
73 191
17 63
23 28
85 61
20 195
99 48
69 147
73 44
67 90
92 151
53 180
95 84
61 39
68 178
73 172
98 46
14 114
60 88
93 45
48 113
91 46
12 59
44 36
3 63
25 46
65 129
26 159
12 38
49 179
68 174
2 65
19 15
79 78
2 71
74 50
35 65
47 198
75 143
34 177
57 110
23 121
39 200
32 50
37 132
81 4
5 82
69 123
49 199
53 150
21 178
51 108
42 150
5 117
92 90
45 48
100 19
20 190
18 151
91 7
35 171
62 139
5 30
14 53
80 166
54 153
43 57
60 137
58 116
5 49
6 49
48 5
20 119
94 189
22 136
95 56
7 157
94 63
38 7
15 70
24 20
22 19
28 33
55 185
48 111
33 153
59 32
9 130
3 54
19 124
90 113
79 48
21 124
10 159
83 24
28 158
95 1
76 23
33 82
7 180
92 192
85 103
75 145
32 77
99 150
52 140
15 82
87 35
6 96
45 40
71 124
97 65
24 173
39 108
6 46
40 198
89 124
52 163
68 83
92 18
85 143
57 151
25 95
37 182
90 82
21 60
5 169
77 81
93 115
88 99
12 27
48 52
2 99
67 122
33 158
39 69
52 48
19 28
42 156
61 84
89 181
43 193
2 171
25 194
38 13
92 101
91 91
53 93
89 119
14 74
28 104
42 79
3 161
59 45
68 19
80 56
100 22
48 53
45 25
46 134
37 90
34 27
32 138
19 121
56 84
94 35
88 135
14 42
47 172
38 114
42 117
69 93
39 169
45 35
93 143
68 181
32 153
7 163
91 78
35 98
13 180
33 52
67 198
94 113
21 131
27 62
48 147
55 138
67 99
72 59
41 91
39 24
43 198
39 133
75 173
31 187
5 115
39 171
64 84
83 184
14 61
97 61
60 151
98 26
2 121
85 194
11 75
18 54
72 108
38 98
32 120
37 136
86 27
6 49
10 141
32 123
53 29
84 112
31 133
90 132
54 126
26 16
100 95
21 24
2 159
21 185
30 109
21 16
35 178
64 44
70 48
67 23
76 102
86 6
86 175
90 191
52 167
7 52
61 27
27 14
37 99
98 119
8 70
34 142
100 149
38 69
96 56
43 23
9 129
29 94
55 70
85 107
36 43
10 48
21 136
61 110
34 10
28 193
32 113
87 31
61 24
99 9
31 142
31 139
22 11
84 76
80 68
34 115
62 43
62 83
30 174
44 116
36 171
8 167
83 194
97 95
69 95
3 151
88 134
89 9
96 73
37 176
92 170
42 106
65 156
88 94
29 131
9 64
53 69
30 87
14 178
81 183
73 36
33 12
21 174
73 16
98 9
43 89
30 185
94 94
40 133
88 20
15 148
84 19
16 65
5 30
43 38
64 67
73 48
78 145
21 50
12 170
10 55
59 140
39 4
33 178
89 172
97 55
20 32
74 87
49 178
16 91
15 79
57 39
79 186
35 51
88 47
21 149
1 31
88 91
86 73
20 74
259 43 219 218
226 161 119 127
229 341 332 77
198 100 244 75
136 185 134 184
384 70 112 172
124 383 285 261
221 373 54 118
337 226 139 187
158 296 313 161
341 325 359 140
197 208 177 268
332 383 75 149
101 269 277 211
77 285 358 199
191 292 214 157
225 278 20 169
16 357 100 157
388 231 75 165
246 372 170 220
45 312 252 202
271 2 56 154
240 153 27 92
309 156 164 236
336 333 313 222
140 197 296 172
150 75 370 135
2 36 146 115
148 155 360 127
203 50 273 262
33 272 3 26
385 306 200 193
307 311 346 179
325 151 97 159
309 338 340 198
134 368 174 117
185 114 231 74
59 333 328 209
219 231 72 176
142 238 280 181
371 191 397 251
272 90 329 111
173 185 334 222
337 14 132 183
290 359 136 288
130 6 60 155
188 158 61 303
186 375 196 271
44 333 165 221
208 366 368 156
137 102 119 69
11 191 265 123
340 254 22 194
245 269 253 158
157 114 54 70
388 225 277 162
356 374 82 162
198 214 55 234
114 238 234 162
356 129 229 179
397 110 88 211
56 343 21 182
263 63 144 85
328 178 218 193
203 100 187 181
203 194 45 110
146 369 183 200
257 97 362 171
106 332 130 100
374 400 253 69
44 43 379 212
99 220 3 9
8 122 325 264
224 210 195 215
170 314 136 276
162 341 91 162
353 396 299 188
134 208 44 236
290 272 7 148
286 95 294 104
141 237 22 251
287 53 132 268
274 243 78 206
52 83 114 199
374 164 116 225
5 12 176 226
68 319 95 139
48 171 81 226
362 145 25 161
107 165 29 205
312 318 190 217
6 362 196 186
293 212 195 163
107 193 165 158
344 241 251 250
294 152 378 118
31 363 180 231
123 306 229 169
164 232 317 217
329 40 397 282
218 185 153 136
145 363 1 302
349 210 4 82
170 168 216 252
300 195 53 247
187 317 137 124
219 376 80 254
134 22 64 189
100 78 136 203
258 95 229 122
278 161 229 91
156 203 121 56
282 400 362 30
323 388 166 141
276 134 79 202
366 225 127 166
313 156 66 103
69 335 357 165
38 26 118 157
54 250 342 223
243 386 341 115
255 205 41 187
229 283 17 92
266 90 373 97
324 283 359 177
179 27 147 115
205 79 253 118
72 164 218 250
116 231 119 143
11 231 243 163
346 74 45 231
285 274 343 232
43 304 373 189
233 310 238 173
325 217 306 124
340 108 103 201
175 145 121 224
26 392 243 188
398 147 339 174
261 276 80 248
272 209 317 89
265 148 332 83
397 390 156 127
180 296 242 183
229 343 324 199
55 268 132 223
103 121 298 146
320 20 165 207
388 259 214 215
40 276 104 185
215 105 310 106
262 131 307 139
371 348 229 211
164 246 380 236
228 13 381 202
15 226 109 201
352 163 216 180
116 382 188 209
282 383 231 74
357 38 26 167
183 355 291 84
367 172 73 257
38 50 171 223
93 85 217 63
59 266 357 147
51 123 298 140
101 97 44 232
212 381 82 199
394 214 166 209
331 285 294 174
210 306 83 163
54 288 191 151
159 69 156 187
224 171 43 280
312 37 59 178
130 113 251 178
194 332 73 56
343 53 372 199
323 162 117 237
281 359 185 167
106 60 398 254
18 112 306 121
16 284 384 269
234 240 318 220
108 196 377 275
326 329 277 203
56 33 247 75
129 183 346 229
153 194 52 150
165 241 203 193
285 130 204 170
354 9 213 191
378 101 188 223
312 13 379 222
362 355 214 146
333 79 90 179
71 316 183 86
52 131 162 222
63 375 230 155
95 49 318 106
