500 250 4481
12 20
10 19
1 6
22 2
17 15
6 7
38 8
37 12
40 2
25 14
12 13
40 2
7 5
19 1
8 15
31 19
26 12
10 6
30 11
27 6
17 5
12 14
12 1
17 3
34 13
28 5
25 19
6 12
23 17
4 3
31 7
33 17
18 2
34 7
32 13
4 20
37 8
5 20
8 1
34 1
5 1
37 10
40 14
21 2
10 16
36 13
2 9
1 20
30 14
18 14
6 2
5 14
21 10
33 8
22 18
20 7
39 8
16 10
1 8
3 3
3 19
35 5
27 15
16 8
20 13
13 6
6 18
11 6
27 16
5 8
13 16
26 3
23 1
32 16
20 15
18 3
25 12
19 11
38 14
10 17
18 3
34 4
40 5
1 6
40 6
25 12
21 3
7 16
35 18
11 15
24 20
37 8
31 7
18 20
40 8
36 17
2 10
32 1
34 13
18 5
30 14
28 10
36 14
37 11
24 7
37 7
26 5
15 8
31 4
19 2
3 15
38 4
36 2
4 1
6 13
5 15
7 4
36 14
18 13
24 1
31 12
7 9
36 13
8 6
37 7
7 19
1 17
35 8
18 18
8 15
3 12
9 9
35 16
2 4
28 18
36 11
29 15
19 5
7 18
2 3
4 9
34 16
5 8
23 14
17 10
28 19
33 8
19 20
23 1
23 3
30 19
13 18
5 3
34 11
40 16
6 4
36 11
39 20
10 2
5 6
3 4
37 16
3 7
15 5
19 9
27 8
39 11
18 3
13 3
14 13
38 11
16 13
1 6
24 10
19 20
27 2
35 15
9 17
22 15
22 20
3 20
40 14
31 17
36 3
19 1
7 9
11 2
33 11
20 9
20 18
20 7
11 15
21 11
11 14
25 4
34 20
24 13
13 14
1 8
8 11
1 15
11 11
28 4
22 7
4 13
37 3
31 19
37 4
2 20
37 6
23 2
5 6
6 9
11 18
9 11
9 9
25 19
19 4
14 12
3 9
25 11
32 15
29 20
10 2
19 7
8 2
20 4
39 6
13 10
23 13
12 3
21 16
2 19
39 7
31 1
16 7
23 19
13 12
10 3
25 9
21 12
22 20
28 12
25 12
13 20
4 4
22 4
19 15
14 10
14 4
2 1
2 5
19 15
28 8
29 12
8 9
36 1
8 15
33 5
6 5
16 1
29 17
16 19
4 9
8 17
33 2
37 6
18 7
40 5
26 8
8 14
36 15
14 16
9 18
12 6
3 7
6 11
15 1
29 18
10 9
34 14
22 2
19 19
28 11
35 14
38 2
39 6
29 4
13 17
2 16
3 4
34 20
26 20
21 6
18 2
26 3
15 7
17 5
5 4
27 19
9 17
33 7
34 1
11 6
9 4
13 11
7 18
11 4
37 3
29 6
4 7
1 10
13 17
26 18
20 13
8 1
29 12
27 14
12 9
11 1
32 3
23 10
20 5
5 8
7 6
14 2
32 14
3 4
30 1
13 1
33 1
21 13
12 20
18 16
20 8
28 12
10 10
33 1
35 18
28 13
15 1
27 6
6 9
9 15
1 14
28 13
34 20
37 17
31 14
4 11
1 11
14 2
1 18
14 7
35 2
11 1
34 17
6 12
18 7
18 18
20 5
3 5
37 11
1 7
5 5
37 17
35 2
31 7
40 16
13 6
37 4
27 3
12 12
6 9
38 3
7 9
20 9
13 16
39 14
2 15
10 11
24 16
32 6
23 3
1 7
9 10
2 15
4 14
18 9
2 8
31 20
16 10
8 9
25 19
34 19
25 15
1 20
30 4
5 4
7 18
31 7
27 12
1 10
37 10
38 19
9 20
30 5
30 10
5 6
28 10
16 4
24 16
4 5
40 20
9 18
37 11
4 3
14 16
4 11
5 1
1 14
13 10
30 2
19 6
7 18
15 15
34 10
30 9
34 1
28 14
18 5
16 13
39 10
8 3
32 5
35 12
10 7
13 11
40 4
16 19
13 2
13 6
3 2
34 8
15 14
22 4
38 17
37 8
18 4
30 9
40 17
32 1
15 17
31 15
20 18
13 4
19 17
22 1
10 15
9 4
28 2
8 17
10 4
5 8
39 6
28 11
34 12
31 9
8 2
23 19
19 7
2 10
35 3
2 4
30 2
28 9
23 7
26 5
22 2
12 12
39 11
2 13
2 5
1 1
6 15
19 16
33 13
37 7
27 19
22 8
32 9
17 15
35 14
39 8
7 2
20 5
24 1
37 18
5 9
18 2
316 184 27 64
446 495 256 113
291 370 466 126
285 342 375 61
352 345 427 70
281 351 234 80
68 265 474 108
259 445 331 58
56 450 60 99
59 248 263 25
251 272 446 64
224 392 237 48
143 273 445 64
299 470 191 68
280 468 42 99
223 140 366 58
96 419 389 9
405 76 42 89
230 209 116 67
25 310 415 82
441 476 436 55
408 34 128 66
78 409 31 118
272 369 73 70
441 207 375 68
493 92 455 100
156 482 213 58
475 178 493 106
145 245 197 53
244 444 31 73
178 97 271 108
1 452 97 68
443 488 284 115
361 228 396 19
389 75 213 37
311 65 440 31
410 282 162 45
68 394 145 106
186 123 300 33
442 150 70 55
209 47 118 67
184 307 349 40
286 18 204 88
206 111 323 89
237 49 348 74
299 326 45 114
155 111 338 94
328 212 198 44
224 256 172 67
140 131 393 45
389 97 143 68
15 258 61 118
498 17 441 33
36 332 271 102
469 109 59 53
444 5 381 53
327 312 371 51
317 43 401 90
8 95 252 114
241 180 49 51
76 188 35 58
358 153 371 94
405 449 105 91
75 364 315 37
499 266 317 99
126 255 469 38
87 252 350 31
370 161 263 93
419 278 225 50
231 487 137 92
193 89 190 50
214 112 88 96
404 390 194 113
98 289 308 88
417 143 380 56
16 33 187 112
410 375 207 72
239 135 449 110
298 247 475 62
86 419 67 44
399 303 84 69
90 166 323 81
457 269 233 104
482 443 253 77
487 332 196 88
334 372 96 40
447 377 166 106
115 125 117 57
282 319 371 68
35 152 181 58
408 45 439 68
326 430 498 66
354 467 344 80
123 410 62 61
240 87 454 57
411 243 190 82
482 133 423 27
112 132 373 92
400 74 349 66
165 446 26 108
308 465 432 125
72 273 306 46
314 377 426 80
243 85 435 102
300 309 175 78
356 287 101 110
253 365 336 90
12 219 486 51
82 434 279 99
370 368 376 116
208 482 51 9
164 144 320 81
469 129 308 81
259 12 73 53
444 15 486 94
408 158 278 52
225 198 223 22
104 321 201 69
438 201 495 85
273 97 264 58
111 5 385 63
43 230 166 86
430 359 473 45
362 430 52 91
193 341 421 61
491 492 68 94
175 347 21 91
364 21 370 64
268 424 135 100
10 432 97 100
450 144 14 78
482 464 114 56
222 239 243 94
44 415 482 58
254 120 41 116
222 1 354 89
84 279 45 103
318 477 144 66
120 139 409 73
431 387 415 68
398 412 405 20
398 98 437 62
338 40 106 79
412 43 264 39
224 321 169 67
176 278 467 114
482 238 388 36
143 220 361 61
488 382 354 113
408 216 288 51
452 437 170 79
213 476 43 66
207 48 423 103
32 218 374 84
109 500 177 33
194 122 32 94
88 425 360 84
315 450 326 96
307 382 404 97
354 43 33 108
364 217 23 49
428 22 277 73
290 99 299 57
129 203 458 48
238 323 184 40
304 277 117 72
484 232 308 53
360 271 152 73
248 494 281 51
345 223 108 82
45 197 407 94
43 80 217 69
453 367 244 90
49 362 44 78
474 250 476 66
405 431 245 34
76 53 361 73
348 491 470 80
341 119 262 80
164 10 52 62
419 102 427 85
275 150 227 86
56 194 75 99
189 80 334 69
296 252 303 53
135 242 182 114
183 16 254 110
204 491 99 46
142 170 265 91
322 254 441 74
161 496 226 97
382 146 333 100
88 293 229 94
398 426 187 86
165 176 480 122
50 39 323 53
60 204 356 49
36 467 415 126
190 231 19 81
458 435 359 75
446 389 144 68
6 428 435 128
137 387 254 62
225 99 136 66
239 24 374 116
27 304 192 42
40 443 44 58
26 30 419 73
384 381 8 78
57 419 273 36
72 350 271 72
247 127 3 91
118 435 195 104
200 393 128 52
464 121 488 88
384 134 14 44
334 369 201 52
4 485 393 73
416 103 296 67
239 409 114 70
367 470 206 97
390 343 414 58
350 292 263 37
4 432 101 101
397 379 84 86
423 405 378 80
217 173 264 61
190 96 405 37
92 182 322 99
193 422 1 61
483 372 252 38
391 29 356 64
99 22 447 80
350 86 98 67
43 76 156 99
398 416 411 39
308 330 118 105
461 418 319 27
262 43 138 52
71 486 67 84
188 431 305 58
278 30 222 106
247 232 244 40
324 328 170 90
299 426 183 116
223 389 228 29
193 19 236 73
473 397 395 68
424 228 241 50
360 342 210 58
