700 350 6905
13 8
25 14
16 5
10 4
15 16
31 19
15 17
26 4
40 3
28 10
30 4
10 13
15 15
36 15
25 1
10 18
8 6
3 15
10 12
19 17
20 1
7 14
18 4
37 9
26 16
30 8
32 19
32 18
5 20
32 2
20 1
11 19
26 13
26 8
17 16
4 16
28 10
21 17
25 17
5 10
25 15
17 16
33 9
13 10
28 4
11 19
37 1
9 2
25 14
1 1
21 16
36 9
5 16
5 1
25 10
31 1
4 19
16 8
39 20
9 6
15 11
16 3
31 17
25 16
2 17
8 3
13 4
31 9
11 7
30 7
36 12
27 11
10 14
11 9
5 11
26 12
22 2
14 4
10 10
11 11
7 19
33 19
14 15
19 16
2 8
3 9
19 1
12 1
15 2
29 11
24 14
22 5
7 16
9 16
25 19
19 11
29 11
1 2
26 20
18 19
19 12
7 10
32 18
10 18
31 18
9 15
3 2
11 2
17 19
9 2
30 7
24 18
30 5
12 7
36 1
25 6
32 11
35 15
1 4
13 3
33 13
29 8
34 20
29 3
10 9
4 11
8 19
1 17
35 4
3 10
24 7
28 7
9 2
21 1
18 5
24 10
29 4
29 3
3 17
17 5
38 20
27 5
38 7
1 5
30 15
6 5
13 13
11 1
15 12
14 4
8 9
25 17
32 14
11 7
22 7
23 19
38 9
15 7
28 7
11 17
1 17
22 13
9 4
26 15
7 19
38 15
19 3
11 10
28 1
28 9
39 10
20 16
11 14
22 18
1 13
14 13
9 7
6 17
3 3
24 9
21 1
23 19
35 5
40 14
37 8
15 15
29 14
30 19
19 4
36 11
36 2
4 4
20 1
12 2
23 7
23 15
40 5
25 14
30 4
40 18
3 14
13 4
7 14
22 17
37 10
28 4
11 3
19 2
23 11
36 17
9 18
31 8
22 15
34 3
30 13
13 5
6 5
8 4
10 1
20 7
30 19
30 12
21 1
6 15
23 1
23 11
18 13
39 11
19 12
26 9
24 18
25 1
22 12
24 3
12 3
21 14
2 3
17 14
3 2
1 5
22 3
15 11
28 13
22 6
36 7
6 11
4 10
31 17
13 14
31 17
9 12
10 2
14 6
7 16
40 7
40 1
22 6
12 9
19 5
14 6
31 12
17 6
33 19
34 6
13 4
14 13
35 3
14 20
40 20
15 19
19 6
12 20
12 3
8 2
7 13
27 9
24 15
6 9
34 19
14 18
14 7
10 9
1 15
8 12
34 15
31 12
20 2
11 11
16 10
4 14
23 11
34 18
17 19
6 10
37 11
39 10
29 8
10 9
14 10
21 8
24 3
11 15
36 14
18 3
23 1
16 17
3 9
35 20
7 20
21 15
3 20
36 11
19 18
12 13
7 4
32 2
26 14
16 13
39 13
15 14
6 2
10 20
30 16
19 8
28 12
14 10
11 1
20 1
38 11
5 4
14 16
17 11
22 13
3 20
17 9
33 14
30 3
14 11
38 4
38 5
15 3
6 17
4 6
38 13
8 2
37 14
30 5
4 11
37 19
22 6
7 15
19 17
9 12
7 18
16 17
23 2
39 8
39 14
5 8
27 13
29 15
26 10
19 1
12 8
19 14
13 6
8 3
14 16
7 20
13 14
8 7
35 19
7 13
32 11
20 10
15 1
24 12
2 15
5 14
2 3
7 14
40 14
28 5
21 14
17 5
7 4
12 2
22 18
26 6
20 18
7 7
30 11
10 11
17 14
4 18
29 10
23 20
15 10
25 7
4 13
12 2
16 3
3 10
32 9
27 3
18 13
21 7
15 11
37 11
36 13
40 16
2 2
28 9
24 4
35 19
36 6
20 11
20 3
32 11
3 18
6 12
3 6
18 17
8 14
40 16
38 19
11 12
21 10
40 16
33 6
14 8
32 13
31 3
7 2
6 1
32 11
12 14
28 1
2 8
27 1
23 4
40 5
15 12
15 14
39 7
32 12
27 3
36 17
25 15
30 2
27 1
32 11
6 12
11 20
39 9
40 1
13 11
37 7
34 11
33 12
10 4
35 8
38 3
4 14
9 13
36 15
6 19
25 3
30 8
2 20
16 14
32 20
16 9
39 10
31 11
33 12
6 20
19 15
34 2
40 2
7 7
36 4
6 13
6 7
32 20
7 19
33 18
19 8
18 17
9 9
39 14
40 16
5 19
30 18
32 9
39 10
8 6
25 13
38 11
31 1
22 9
20 14
19 18
13 16
6 14
4 4
7 16
39 11
6 20
40 9
40 18
19 7
23 3
11 13
25 2
33 6
22 4
11 20
1 16
36 6
29 11
1 15
26 19
37 11
18 16
12 18
25 10
16 19
24 7
11 1
28 16
38 9
31 9
9 12
24 16
29 4
26 10
38 4
20 6
34 10
13 5
7 17
26 2
27 2
40 18
34 7
25 11
28 15
31 8
38 6
15 19
9 20
40 18
3 19
15 9
8 7
25 6
15 3
20 2
36 11
31 9
38 7
19 17
13 2
36 11
39 10
29 8
1 20
37 4
38 12
24 18
30 20
35 17
2 6
38 17
17 20
17 6
26 8
14 18
29 9
40 7
10 20
26 10
39 15
5 9
18 8
26 7
28 12
3 1
10 12
10 6
11 6
31 16
13 16
26 13
4 5
12 13
5 9
14 3
3 19
31 20
38 8
27 17
12 1
38 1
13 19
38 15
16 8
3 1
15 8
13 18
4 16
22 8
5 15
3 19
5 5
19 3
25 17
19 16
9 8
8 1
6 5
28 2
24 10
2 18
17 6
7 12
14 8
20 18
14 14
16 19
38 6
21 2
22 11
9 11
39 16
3 16
12 10
9 15
11 2
32 19
40 18
31 13
17 10
30 11
23 17
1 12
23 13
34 4
3 14
26 13
2 1
29 13
10 9
8 1
31 11
31 10
21 1
2 17
30 3
19 4
19 19
16 13
23 1
29 6
26 14
10 7
34 10
32 16
19 19
8 1
21 18
30 1
19 3
38 20
37 8
36 7
19 3
40 1
35 8
18 20
1 8
39 7
9 10
14 7
20 1
27 20
18 8
33 8
22 2
20 18
29 15
25 7
9 16
8 3
3 17
14 15
4 12
21 13
33 6
392 304 134 61
641 275 344 90
610 285 624 55
461 260 423 89
571 539 699 116
145 65 696 33
325 683 284 68
365 685 87 53
646 567 72 14
223 450 538 63
444 421 5 88
354 60 650 68
521 24 224 60
484 491 167 100
89 151 36 99
489 621 72 29
233 668 564 111
319 693 5 66
660 75 686 86
409 580 264 106
488 11 571 69
258 199 97 72
506 565 540 70
235 71 270 80
609 329 284 64
513 8 4 79
303 588 200 28
366 247 249 84
494 523 286 106
13 40 475 113
647 91 445 92
616 408 375 85
155 316 75 90
254 258 539 112
268 428 11 108
635 115 567 78
72 587 55 82
494 2 109 68
250 230 546 69
107 527 175 49
666 658 391 50
654 254 623 86
136 399 60 57
218 58 230 88
23 365 151 90
149 314 69 61
238 234 308 26
611 388 322 72
496 319 361 58
179 27 352 78
159 558 151 67
263 601 140 133
700 367 376 45
388 146 554 64
611 116 319 61
284 129 267 61
111 407 520 81
605 654 411 27
160 91 81 67
354 444 418 104
327 98 51 99
157 681 284 60
147 513 368 34
228 488 193 58
444 583 669 116
627 380 167 38
667 82 377 60
379 641 357 97
191 408 431 88
189 85 406 72
146 55 321 64
659 419 538 63
262 163 278 112
391 129 315 78
55 172 625 70
662 369 414 77
360 501 547 92
37 285 497 92
653 577 657 68
476 477 417 53
86 71 638 66
398 365 215 61
540 611 604 66
654 376 131 72
587 665 162 75
538 419 108 48
617 665 254 110
441 98 41 100
60 374 32 73
673 112 186 93
502 295 160 70
70 531 322 125
640 272 280 69
482 217 485 25
654 578 247 63
652 626 79 56
587 430 394 55
555 299 407 52
210 177 378 24
43 295 424 111
391 25 637 86
533 545 324 85
663 317 486 86
433 106 248 27
479 576 299 93
388 511 1 84
64 445 587 74
106 304 363 45
700 592 694 46
648 402 628 68
272 517 442 45
3 629 222 53
157 325 342 39
311 162 23 99
408 45 51 101
135 30 657 78
192 679 182 108
647 580 409 118
127 524 500 49
117 66 377 60
632 254 626 81
646 377 537 49
672 384 540 72
256 43 136 77
293 249 139 64
322 630 175 72
187 282 671 62
113 191 644 55
59 204 256 81
376 558 150 62
252 99 553 41
442 225 324 79
404 169 564 110
700 590 30 36
292 331 417 64
378 130 536 66
263 320 298 64
242 42 361 104
425 206 125 63
26 413 382 101
608 513 180 41
564 254 599 94
606 615 365 67
599 543 374 60
241 385 412 60
453 509 420 68
222 474 58 110
647 463 516 58
622 269 316 82
437 108 335 93
514 420 95 60
598 378 291 63
470 335 141 91
456 68 443 46
404 383 134 79
460 354 568 75
596 461 276 85
258 339 10 104
70 270 169 100
554 233 535 81
527 489 610 45
292 248 156 81
432 154 464 74
639 478 684 70
374 463 406 53
634 208 614 41
117 362 673 88
324 251 131 79
41 67 574 103
313 133 395 74
130 24 384 80
328 125 82 67
371 174 641 91
674 485 23 99
292 322 676 100
534 11 6 58
176 225 396 66
183 612 619 85
172 312 428 84
387 641 335 114
125 25 469 42
467 529 353 51
106 246 635 55
537 389 130 99
67 259 622 88
618 659 319 77
39 680 596 41
255 586 47 90
58 625 545 108
551 346 529 60
403 153 610 67
467 454 90 105
304 506 574 81
268 122 576 110
605 263 675 101
592 691 38 102
125 442 315 61
38 413 369 74
138 121 72 50
335 105 169 84
675 6 130 91
435 274 542 78
397 551 327 52
130 216 62 73
652 681 551 46
199 202 168 90
549 633 495 118
474 89 691 106
202 337 149 41
421 476 162 20
433 341 513 28
264 189 221 94
662 155 145 53
419 265 516 46
203 312 23 93
527 350 266 69
111 286 319 70
571 67 400 88
376 336 491 113
81 118 672 77
259 689 348 88
620 491 244 101
435 208 341 73
129 656 330 57
87 248 407 48
466 19 11 41
209 394 140 93
201 111 569 90
11 621 268 67
100 633 508 56
349 450 213 100
478 429 480 89
487 443 12 58
346 676 247 116
340 526 267 64
562 298 69 75
181 619 336 74
482 165 247 90
352 527 315 68
391 106 632 64
81 243 375 84
137 582 615 72
439 308 623 69
465 630 645 90
225 209 127 72
513 366 4 40
327 653 276 64
148 183 554 84
370 376 372 46
414 66 415 101
326 81 574 99
303 530 165 101
145 466 241 31
320 370 551 27
323 541 680 52
567 461 585 64
609 677 579 75
376 568 508 80
86 24 389 78
95 117 428 113
236 235 613 33
546 128 505 77
135 599 483 39
532 81 353 85
59 502 44 67
36 624 538 60
250 25 366 56
75 157 167 62
647 447 213 112
474 28 269 61
484 70 184 126
592 620 119 62
172 245 99 41
381 259 43 80
258 423 594 63
208 178 524 52
145 321 620 28
263 246 21 53
150 259 658 28
545 419 200 48
276 209 50 97
643 371 275 94
401 535 82 70
436 335 242 88
155 408 294 116
312 338 399 73
582 509 612 105
144 64 424 86
587 2 92 61
487 627 321 51
229 693 114 85
621 638 354 37
357 502 95 92
8 312 255 118
560 217 428 94
471 477 591 74
137 44 565 115
627 80 24 56
110 253 328 90
279 443 139 55
203 227 370 82
27 295 147 99
387 247 374 88
400 39 684 37
628 456 603 53
310 559 678 94
200 365 562 41
349 340 453 57
183 273 637 72
121 188 329 63
206 277 166 42
375 137 359 85
241 501 644 78
93 626 695 22
646 481 574 90
226 343 196 115
192 154 62 88
642 94 650 99
215 231 83 68
73 429 186 88
454 559 101 99
514 436 524 66
134 32 17 56
616 544 76 97
314 691 405 64
318 3 455 106
569 623 174 75
11 347 654 26
401 421 48 52
358 27 114 88
613 671 687 52
466 593 185 40
502 233 30 75
150 110 359 78
169 130 263 103
598 586 514 78
674 661 601 114
404 398 559 105
650 449 234 81
511 165 669 91
321 109 496 31
119 249 686 85
166 607 455 90
529 569 560 96
137 165 347 85
279 553 645 48
235 364 552 96
683 623 665 70
539 641 543 122
103 329 311 61
